X:	U:	P:	RO:	E:	Q:
0.001	7.23438e-15	7.59375	12.6562	0.9	1.39058e-15
0.002	7.1245e-15	7.59375	12.6562	0.9	1.30275e-15
0.003	7.02157e-15	7.59375	12.6562	0.9	1.28328e-15
0.004	6.92017e-15	7.59375	12.6562	0.9	1.29205e-15
0.005	6.81809e-15	7.59375	12.6562	0.9	1.29928e-15
0.006	6.71543e-15	7.59375	12.6562	0.9	1.30068e-15
0.007	6.61266e-15	7.59375	12.6562	0.9	1.30116e-15
0.008	6.50985e-15	7.59375	12.6562	0.9	1.30027e-15
0.009	6.40711e-15	7.59375	12.6562	0.9	1.29793e-15
0.01	6.30456e-15	7.59375	12.6562	0.9	1.29571e-15
0.011	6.20218e-15	7.59375	12.6562	0.9	1.29479e-15
0.012	6.09988e-15	7.59375	12.6562	0.9	1.29518e-15
0.013	5.99754e-15	7.59375	12.6562	0.9	1.29612e-15
0.014	5.89513e-15	7.59375	12.6562	0.9	1.29691e-15
0.015	5.79266e-15	7.59375	12.6562	0.9	1.29722e-15
0.016	5.69017e-15	7.59375	12.6562	0.9	1.2971e-15
0.017	5.58768e-15	7.59375	12.6562	0.9	1.29678e-15
0.018	5.48522e-15	7.59375	12.6562	0.9	1.29648e-15
0.019	5.38278e-15	7.59375	12.6562	0.9	1.29626e-15
0.02	5.28036e-15	7.59375	12.6562	0.9	1.2961e-15
0.021	5.17795e-15	7.59375	12.6562	0.9	1.29591e-15
0.022	5.07556e-15	7.59375	12.6562	0.9	1.29567e-15
0.023	4.97318e-15	7.59375	12.6562	0.9	1.29537e-15
0.024	4.87083e-15	7.59375	12.6562	0.9	1.29509e-15
0.025	4.76851e-15	7.59375	12.6562	0.9	1.29489e-15
0.026	4.66619e-15	7.59375	12.6562	0.9	1.29482e-15
0.027	4.56389e-15	7.59375	12.6562	0.9	1.29487e-15
0.028	4.46158e-15	7.59375	12.6562	0.9	1.29501e-15
0.029	4.35925e-15	7.59375	12.6562	0.9	1.29516e-15
0.03	4.25692e-15	7.59375	12.6562	0.9	1.29526e-15
0.031	4.15458e-15	7.59375	12.6562	0.9	1.29525e-15
0.032	4.05224e-15	7.59375	12.6562	0.9	1.29513e-15
0.033	3.94991e-15	7.59375	12.6562	0.9	1.2949e-15
0.034	3.84759e-15	7.59375	12.6562	0.9	1.29459e-15
0.035	3.74531e-15	7.59375	12.6562	0.9	1.29426e-15
0.036	3.64304e-15	7.59375	12.6562	0.9	1.29397e-15
0.037	3.5408e-15	7.59375	12.6562	0.9	1.29375e-15
0.038	3.43858e-15	7.59375	12.6562	0.9	1.29362e-15
0.039	3.33637e-15	7.59375	12.6562	0.9	1.29361e-15
0.04	3.23416e-15	7.59375	12.6562	0.9	1.29368e-15
0.041	3.13194e-15	7.59375	12.6562	0.9	1.29383e-15
0.042	3.02971e-15	7.59375	12.6562	0.9	1.29401e-15
0.043	2.92747e-15	7.59375	12.6562	0.9	1.2942e-15
0.044	2.82521e-15	7.59375	12.6562	0.9	1.29437e-15
0.045	2.72294e-15	7.59375	12.6562	0.9	1.29449e-15
0.046	2.62066e-15	7.59375	12.6562	0.9	1.29455e-15
0.047	2.51838e-15	7.59375	12.6562	0.9	1.29455e-15
0.048	2.41609e-15	7.59375	12.6562	0.9	1.29451e-15
0.049	2.31381e-15	7.59375	12.6562	0.9	1.29444e-15
0.05	2.21153e-15	7.59375	12.6562	0.9	1.29437e-15
0.051	2.10926e-15	7.59375	12.6562	0.9	1.2943e-15
0.052	2.00699e-15	7.59375	12.6562	0.9	1.29427e-15
0.053	1.90473e-15	7.59375	12.6562	0.9	1.29428e-15
0.054	1.80247e-15	7.59375	12.6562	0.9	1.29435e-15
0.055	1.7002e-15	7.59375	12.6562	0.9	1.29446e-15
0.056	1.59792e-15	7.59375	12.6562	0.9	1.29461e-15
0.057	1.49563e-15	7.59375	12.6562	0.9	1.2948e-15
0.058	1.39332e-15	7.59375	12.6562	0.9	1.295e-15
0.059	1.291e-15	7.59375	12.6562	0.9	1.29521e-15
0.06	1.18866e-15	7.59375	12.6562	0.9	1.2954e-15
0.061	1.08631e-15	7.59375	12.6562	0.9	1.29556e-15
0.062	9.83945e-16	7.59375	12.6562	0.9	1.29567e-15
0.063	8.81571e-16	7.59375	12.6562	0.9	1.29267e-15
0.064	7.79434e-16	7.59375	12.6562	0.9	1.23824e-15
0.065	6.81598e-16	7.59375	12.6562	0.9	7.53463e-16
0.066	6.22065e-16	7.59375	12.6562	0.9	4.38814e-16
0.067	5.87394e-16	7.59375	12.6562	0.9	4.08509e-16
0.068	5.55117e-16	7.59375	12.6562	0.9	4.10975e-16
0.069	5.22644e-16	7.59375	12.6562	0.9	4.09559e-16
0.07	4.90284e-16	7.59375	12.6562	0.9	4.11045e-16
0.071	4.57807e-16	7.59375	12.6562	0.9	5.66451e-16
0.072	4.1305e-16	7.59375	12.6562	0.9	5.39574e-16
0.073	3.70417e-16	7.59375	12.6562	0.9	5.36806e-16
0.074	3.28003e-16	7.59375	12.6562	0.9	5.36036e-16
0.075	2.85649e-16	7.59375	12.6562	0.9	3.82794e-16
0.076	2.55404e-16	7.59375	12.6562	0.9	5.63555e-16
0.077	2.10876e-16	7.59375	12.6562	0.9	3.82485e-16
0.078	1.80655e-16	7.59375	12.6562	0.9	4.07542e-16
0.079	1.48454e-16	7.59375	12.6562	0.9	4.05731e-16
0.08	1.16396e-16	7.59375	12.6562	0.9	4.09584e-16
0.081	8.40341e-17	7.59375	12.6562	0.9	4.06417e-16
0.082	5.19222e-17	7.59375	12.6562	0.9	4.06129e-16
0.083	1.9833e-17	7.59375	12.6562	0.9	4.09482e-16
0.084	-1.25212e-17	7.59375	12.6562	0.9	4.0997e-16
0.085	-4.49139e-17	7.59375	12.6562	0.9	4.09166e-16
0.086	-7.72431e-17	7.59375	12.6562	0.9	5.6799e-16
0.087	-1.22121e-16	7.59375	12.6562	0.9	5.45366e-16
0.088	-1.65212e-16	7.59375	12.6562	0.9	5.43966e-16
0.089	-2.08192e-16	7.59375	12.6562	0.9	5.44208e-16
0.09	-2.51191e-16	7.59375	12.6562	0.9	3.91337e-16
0.091	-2.82112e-16	7.59375	12.6562	0.9	4.13343e-16
0.092	-3.14771e-16	7.59375	12.6562	0.9	4.12154e-16
0.093	-3.47336e-16	7.59375	12.6562	0.9	4.14384e-16
0.094	-3.80078e-16	7.59375	12.6562	0.9	4.0866e-16
0.095	-4.12367e-16	7.59375	12.6562	0.9	4.15945e-16
0.096	-4.45231e-16	7.59375	12.6562	0.9	0
0.097	-3.00067e-16	7.59375	12.6563	0.9	0
0.098	0	7.59375	12.6563	0.9	0
0.099	0	7.59375	12.6563	0.9	0
0.1	0	7.59375	12.6563	0.9	0
0.101	0	7.59375	12.6563	0.9	0
0.102	0	7.59375	12.6563	0.9	0
0.103	0	7.59375	12.6563	0.9	0
0.104	0	7.59375	12.6563	0.9	0
0.105	0	7.59375	12.6563	0.9	0
0.106	0	7.59375	12.6563	0.9	0
0.107	0	7.59375	12.6563	0.9	0
0.108	0	7.59375	12.6563	0.9	0
0.109	0	7.59375	12.6563	0.9	0
0.11	0	7.59375	12.6563	0.9	0
0.111	0	7.59375	12.6563	0.9	0
0.112	0	7.59375	12.6563	0.9	0
0.113	0	7.59375	12.6563	0.9	0
0.114	0	7.59375	12.6563	0.9	0
0.115	0	7.59375	12.6563	0.9	0
0.116	0	7.59375	12.6563	0.9	0
0.117	0	7.59375	12.6563	0.9	0
0.118	0	7.59375	12.6563	0.9	0
0.119	0	7.59375	12.6563	0.9	0
0.12	0	7.59375	12.6563	0.9	0
0.121	0	7.59375	12.6563	0.9	0
0.122	0	7.59375	12.6563	0.9	0
0.123	0	7.59375	12.6563	0.9	0
0.124	0	7.59375	12.6563	0.9	0
0.125	0	7.59375	12.6563	0.9	0
0.126	0	7.59375	12.6563	0.9	0
0.127	0	7.59375	12.6563	0.9	0
0.128	0	7.59375	12.6563	0.9	0
0.129	0	7.59375	12.6563	0.9	0
0.13	0	7.59375	12.6563	0.9	0
0.131	0	7.59375	12.6563	0.9	0
0.132	0	7.59375	12.6563	0.9	0
0.133	0	7.59375	12.6563	0.9	0
0.134	0	7.59375	12.6563	0.9	0
0.135	0	7.59375	12.6563	0.9	0
0.136	0	7.59375	12.6563	0.9	0
0.137	0	7.59375	12.6563	0.9	0
0.138	0	7.59375	12.6563	0.9	0
0.139	0	7.59375	12.6563	0.9	0
0.14	0	7.59375	12.6563	0.9	0
0.141	0	7.59375	12.6563	0.9	0
0.142	0	7.59375	12.6563	0.9	0
0.143	0	7.59375	12.6563	0.9	0
0.144	0	7.59375	12.6563	0.9	0
0.145	0	7.59375	12.6563	0.9	0
0.146	0	7.59375	12.6563	0.9	0
0.147	0	7.59375	12.6563	0.9	0
0.148	0	7.59375	12.6563	0.9	0
0.149	0	7.59375	12.6563	0.9	0
0.15	0	7.59375	12.6563	0.9	0
0.151	0	7.59375	12.6563	0.9	0
0.152	0	7.59375	12.6563	0.9	0
0.153	0	7.59375	12.6563	0.9	0
0.154	0	7.59375	12.6563	0.9	0
0.155	0	7.59375	12.6563	0.9	0
0.156	0	7.59375	12.6563	0.9	0
0.157	0	7.59375	12.6563	0.9	0
0.158	0	7.59375	12.6563	0.9	0
0.159	0	7.59375	12.6563	0.9	0
0.16	0	7.59375	12.6563	0.9	0
0.161	0	7.59375	12.6563	0.9	0
0.162	0	7.59375	12.6563	0.9	0
0.163	0	7.59375	12.6563	0.9	0
0.164	0	7.59375	12.6563	0.9	0
0.165	0	7.59375	12.6563	0.9	0
0.166	0	7.59375	12.6563	0.9	0
0.167	0	7.59375	12.6563	0.9	0
0.168	0	7.59375	12.6563	0.9	0
0.169	0	7.59375	12.6563	0.9	0
0.17	0	7.59375	12.6563	0.9	0
0.171	0	7.59375	12.6563	0.9	0
0.172	0	7.59375	12.6563	0.9	0
0.173	0	7.59375	12.6563	0.9	0
0.174	0	7.59375	12.6563	0.9	0
0.175	0	7.59375	12.6563	0.9	0
0.176	0	7.59375	12.6563	0.9	0
0.177	0	7.59375	12.6563	0.9	0
0.178	0	7.59375	12.6563	0.9	0
0.179	0	7.59375	12.6563	0.9	0
0.18	0	7.59375	12.6563	0.9	0
0.181	0	7.59375	12.6563	0.9	0
0.182	0	7.59375	12.6563	0.9	0
0.183	0	7.59375	12.6563	0.9	0
0.184	0	7.59375	12.6563	0.9	0
0.185	0	7.59375	12.6563	0.9	0
0.186	0	7.59375	12.6563	0.9	0
0.187	0	7.59375	12.6563	0.9	0
0.188	0	7.59375	12.6563	0.9	0
0.189	0	7.59375	12.6563	0.9	0
0.19	0	7.59375	12.6563	0.9	0
0.191	0	7.59375	12.6563	0.9	0
0.192	0	7.59375	12.6563	0.9	0
0.193	0	7.59375	12.6563	0.9	0
0.194	0	7.59375	12.6563	0.9	0
0.195	0	7.59375	12.6563	0.9	0
0.196	0	7.59375	12.6563	0.9	0
0.197	0	7.59375	12.6563	0.9	0
0.198	0	7.59375	12.6563	0.9	0
0.199	0	7.59375	12.6563	0.9	0
0.2	0	7.59375	12.6563	0.9	0
0.201	0	7.59375	12.6563	0.9	0
0.202	0	7.59375	12.6563	0.9	0
0.203	0	7.59375	12.6563	0.9	0
0.204	0	7.59375	12.6563	0.9	0
0.205	0	7.59375	12.6563	0.9	0
0.206	0	7.59375	12.6563	0.9	0
0.207	0	7.59375	12.6563	0.9	0
0.208	0	7.59375	12.6563	0.9	0
0.209	0	7.59375	12.6563	0.9	0
0.21	0	7.59375	12.6563	0.9	0
0.211	0	7.59375	12.6563	0.9	0
0.212	0	7.59375	12.6563	0.9	0
0.213	0	7.59375	12.6563	0.9	0
0.214	0	7.59375	12.6563	0.9	0
0.215	0	7.59375	12.6563	0.9	0
0.216	0	7.59375	12.6563	0.9	0
0.217	0	7.59375	12.6563	0.9	0
0.218	0	7.59375	12.6563	0.9	0
0.219	0	7.59375	12.6563	0.9	0
0.22	0	7.59375	12.6563	0.9	0
0.221	0	7.59375	12.6563	0.9	0
0.222	0	7.59375	12.6563	0.9	0
0.223	0	7.59375	12.6563	0.9	0
0.224	0	7.59375	12.6563	0.9	0
0.225	0	7.59375	12.6563	0.9	0
0.226	0	7.59375	12.6563	0.9	0
0.227	0	7.59375	12.6563	0.9	0
0.228	0	7.59375	12.6563	0.9	0
0.229	0	7.59375	12.6563	0.9	0
0.23	0	7.59375	12.6563	0.9	0
0.231	0	7.59375	12.6563	0.9	0
0.232	0	7.59375	12.6563	0.9	0
0.233	0	7.59375	12.6563	0.9	0
0.234	0	7.59375	12.6563	0.9	0
0.235	0	7.59375	12.6563	0.9	0
0.236	0	7.59375	12.6563	0.9	0
0.237	0	7.59375	12.6563	0.9	0
0.238	0	7.59375	12.6563	0.9	0
0.239	0	7.59375	12.6563	0.9	0
0.24	0	7.59375	12.6563	0.9	0
0.241	0	7.59375	12.6563	0.9	0
0.242	0	7.59375	12.6563	0.9	0
0.243	0	7.59375	12.6563	0.9	0
0.244	0	7.59375	12.6563	0.9	0
0.245	0	7.59375	12.6563	0.9	0
0.246	0	7.59375	12.6563	0.9	0
0.247	0	7.59375	12.6563	0.9	0
0.248	0	7.59375	12.6563	0.9	0
0.249	0	7.59375	12.6563	0.9	0
0.25	0	7.59375	12.6563	0.9	0
0.251	0	7.59375	12.6563	0.9	0
0.252	0	7.59375	12.6563	0.9	0
0.253	0	7.59375	12.6563	0.9	0
0.254	0	7.59375	12.6563	0.9	0
0.255	0	7.59375	12.6563	0.9	0
0.256	0	7.59375	12.6563	0.9	0
0.257	0	7.59375	12.6563	0.9	0
0.258	0	7.59375	12.6563	0.9	0
0.259	0	7.59375	12.6563	0.9	0
0.26	0	7.59375	12.6563	0.9	0
0.261	0	7.59375	12.6563	0.9	0
0.262	0	7.59375	12.6563	0.9	0
0.263	0	7.59375	12.6563	0.9	0
0.264	0	7.59375	12.6563	0.9	0
0.265	0	7.59375	12.6563	0.9	0
0.266	0	7.59375	12.6563	0.9	0
0.267	0	7.59375	12.6563	0.9	0
0.268	0	7.59375	12.6563	0.9	0
0.269	0	7.59375	12.6563	0.9	0
0.27	0	7.59375	12.6563	0.9	0
0.271	0	7.59375	12.6563	0.9	0
0.272	0	7.59375	12.6563	0.9	0
0.273	0	7.59375	12.6563	0.9	0
0.274	0	7.59375	12.6563	0.9	0
0.275	0	7.59375	12.6563	0.9	0
0.276	0	7.59375	12.6563	0.9	0
0.277	0	7.59375	12.6563	0.9	0
0.278	0	7.59375	12.6563	0.9	0
0.279	0	7.59375	12.6563	0.9	0
0.28	0	7.59375	12.6563	0.9	0
0.281	0	7.59375	12.6563	0.9	0
0.282	0	7.59375	12.6563	0.9	0
0.283	0	7.59375	12.6563	0.9	0
0.284	0	7.59375	12.6563	0.9	0
0.285	0	7.59375	12.6563	0.9	0
0.286	0	7.59375	12.6563	0.9	0
0.287	0	7.59375	12.6563	0.9	0
0.288	0	7.59375	12.6563	0.9	0
0.289	0	7.59375	12.6563	0.9	0
0.29	0	7.59375	12.6563	0.9	0
0.291	0	7.59375	12.6563	0.9	0
0.292	0	7.59375	12.6563	0.9	0
0.293	0	7.59375	12.6563	0.9	0
0.294	0	7.59375	12.6563	0.9	0
0.295	0	7.59375	12.6563	0.9	0
0.296	0	7.59375	12.6563	0.9	0
0.297	0	7.59375	12.6563	0.9	0
0.298	0	7.59375	12.6563	0.9	0
0.299	0	7.59375	12.6563	0.9	0
0.3	0	7.59375	12.6563	0.9	0
0.301	0	7.59375	12.6563	0.9	0
0.302	0	7.59375	12.6563	0.9	0
0.303	0	7.59375	12.6563	0.9	0
0.304	0	7.59375	12.6563	0.9	0
0.305	0	7.59375	12.6563	0.9	0
0.306	0	7.59375	12.6563	0.9	0
0.307	0	7.59375	12.6563	0.9	0
0.308	0	7.59375	12.6563	0.9	0
0.309	0	7.59375	12.6563	0.9	0
0.31	0	7.59375	12.6563	0.9	0
0.311	0	7.59375	12.6563	0.9	0
0.312	0	7.59375	12.6563	0.9	0
0.313	0	7.59375	12.6563	0.9	0
0.314	0	7.59375	12.6563	0.9	0
0.315	0	7.59375	12.6563	0.9	0
0.316	0	7.59375	12.6563	0.9	0
0.317	0	7.59375	12.6563	0.9	0
0.318	0	7.59375	12.6563	0.9	0
0.319	0	7.59375	12.6563	0.9	0
0.32	0	7.59375	12.6563	0.9	0
0.321	0	7.59375	12.6563	0.9	0
0.322	0	7.59375	12.6563	0.9	0
0.323	0	7.59375	12.6563	0.9	0
0.324	0	7.59375	12.6563	0.9	0
0.325	0	7.59375	12.6563	0.9	0
0.326	0	7.59375	12.6563	0.9	0
0.327	0	7.59375	12.6563	0.9	0
0.328	0	7.59375	12.6563	0.9	0
0.329	0	7.59375	12.6563	0.9	0
0.33	0	7.59375	12.6563	0.9	0
0.331	0	7.59375	12.6563	0.9	0
0.332	0	7.59375	12.6563	0.9	0
0.333	0	7.59375	12.6563	0.9	0
0.334	0	7.59375	12.6563	0.9	0
0.335	0	7.59375	12.6563	0.9	0
0.336	0	7.59375	12.6563	0.9	0
0.337	0	7.59375	12.6563	0.9	0
0.338	0	7.59375	12.6563	0.9	0
0.339	0	7.59375	12.6563	0.9	0
0.34	0	7.59375	12.6563	0.9	0
0.341	0	7.59375	12.6563	0.9	0
0.342	0	7.59375	12.6563	0.9	0
0.343	0	7.59375	12.6563	0.9	0
0.344	0	7.59375	12.6563	0.9	0
0.345	0	7.59375	12.6563	0.9	0
0.346	0	7.59375	12.6563	0.9	0
0.347	0	7.59375	12.6563	0.9	0
0.348	0	7.59375	12.6563	0.9	0
0.349	0	7.59375	12.6563	0.9	0
0.35	0	7.59375	12.6563	0.9	0
0.351	0	7.59375	12.6563	0.9	0
0.352	0	7.59375	12.6563	0.9	0
0.353	0	7.59375	12.6563	0.9	0
0.354	0	7.59375	12.6563	0.9	0
0.355	0	7.59375	12.6563	0.9	0
0.356	0	7.59375	12.6563	0.9	0
0.357	0	7.59375	12.6563	0.9	0
0.358	0	7.59375	12.6563	0.9	0
0.359	0	7.59375	12.6563	0.9	0
0.36	0	7.59375	12.6563	0.9	0
0.361	0	7.59375	12.6563	0.9	0
0.362	0	7.59375	12.6563	0.9	0
0.363	0	7.59375	12.6563	0.9	0
0.364	0	7.59375	12.6563	0.9	0
0.365	0	7.59375	12.6563	0.9	0
0.366	0	7.59375	12.6563	0.9	0
0.367	0	7.59375	12.6563	0.9	0
0.368	0	7.59375	12.6563	0.9	0
0.369	0	7.59375	12.6563	0.9	0
0.37	0	7.59375	12.6563	0.9	0
0.371	0	7.59375	12.6563	0.9	0
0.372	0	7.59375	12.6563	0.9	0
0.373	0	7.59375	12.6563	0.9	0
0.374	0	7.59375	12.6563	0.9	0
0.375	0	7.59375	12.6563	0.9	0
0.376	0	7.59375	12.6563	0.9	0
0.377	0	7.59375	12.6563	0.9	0
0.378	0	7.59375	12.6563	0.9	0
0.379	0	7.59375	12.6563	0.9	0
0.38	0	7.59375	12.6563	0.9	0
0.381	0	7.59375	12.6563	0.9	0
0.382	0	7.59375	12.6563	0.9	0
0.383	0	7.59375	12.6563	0.9	0
0.384	0	7.59375	12.6563	0.9	0
0.385	0	7.59375	12.6563	0.9	0
0.386	0	7.59375	12.6563	0.9	0
0.387	0	7.59375	12.6563	0.9	0
0.388	0	7.59375	12.6563	0.9	0
0.389	0	7.59375	12.6563	0.9	0
0.39	0	7.59375	12.6563	0.9	0
0.391	0	7.59375	12.6563	0.9	0
0.392	0	7.59375	12.6563	0.9	0
0.393	0	7.59375	12.6563	0.9	0
0.394	0	7.59375	12.6563	0.9	0
0.395	0	7.59375	12.6563	0.9	0
0.396	0	7.59375	12.6563	0.9	0
0.397	0	7.59375	12.6563	0.9	0
0.398	0	7.59375	12.6563	0.9	0
0.399	0	7.59375	12.6563	0.9	0
0.4	0	7.59375	12.6563	0.9	0
0.401	0	7.59375	12.6563	0.9	0
0.402	0	7.59375	12.6563	0.9	0
0.403	0	7.59375	12.6563	0.9	0
0.404	0	7.59375	12.6563	0.9	0
0.405	0	7.59375	12.6563	0.9	0
0.406	0	7.59375	12.6563	0.9	0
0.407	0	7.59375	12.6563	0.9	0
0.408	0	7.59375	12.6563	0.9	0
0.409	0	7.59375	12.6563	0.9	0
0.41	0	7.59375	12.6563	0.9	0
0.411	0	7.59375	12.6563	0.9	0
0.412	0	7.59375	12.6563	0.9	0
0.413	0	7.59375	12.6563	0.9	0
0.414	0	7.59375	12.6563	0.9	0
0.415	0	7.59375	12.6563	0.9	0
0.416	0	7.59375	12.6563	0.9	0
0.417	0	7.59375	12.6563	0.9	0
0.418	0	7.59375	12.6563	0.9	0
0.419	0	7.59375	12.6563	0.9	0
0.42	0	7.59375	12.6563	0.9	0
0.421	0	7.59375	12.6563	0.9	0
0.422	0	7.59375	12.6563	0.9	0
0.423	0	7.59375	12.6563	0.9	0
0.424	0	7.59375	12.6563	0.9	0
0.425	0	7.59375	12.6563	0.9	0
0.426	0	7.59375	12.6563	0.9	0
0.427	0	7.59375	12.6563	0.9	0
0.428	0	7.59375	12.6563	0.9	0
0.429	0	7.59375	12.6563	0.9	0
0.43	0	7.59375	12.6563	0.9	0
0.431	0	7.59375	12.6563	0.9	0
0.432	0	7.59375	12.6563	0.9	0
0.433	0	7.59375	12.6563	0.9	0
0.434	0	7.59375	12.6563	0.9	0
0.435	0	7.59375	12.6563	0.9	0
0.436	0	7.59375	12.6563	0.9	0
0.437	0	7.59375	12.6563	0.9	0
0.438	0	7.59375	12.6563	0.9	0
0.439	0	7.59375	12.6563	0.9	0
0.44	0	7.59375	12.6563	0.9	0
0.441	0	7.59375	12.6563	0.9	0
0.442	0	7.59375	12.6563	0.9	0
0.443	0	7.59375	12.6563	0.9	0
0.444	0	7.59375	12.6563	0.9	0
0.445	0	7.59375	12.6563	0.9	0
0.446	0	7.59375	12.6563	0.9	0
0.447	0	7.59375	12.6563	0.9	0
0.448	0	7.59375	12.6563	0.9	0
0.449	0	7.59375	12.6563	0.9	0
0.45	0	7.59375	12.6563	0.9	0
0.451	0	7.59375	12.6563	0.9	0
0.452	0	7.59375	12.6563	0.9	0
0.453	0	7.59375	12.6563	0.9	0
0.454	0	7.59375	12.6563	0.9	0
0.455	0	7.59375	12.6563	0.9	0
0.456	0	7.59375	12.6563	0.9	0
0.457	0	7.59375	12.6563	0.9	0
0.458	0	7.59375	12.6563	0.9	0
0.459	0	7.59375	12.6563	0.9	0
0.46	0	7.59375	12.6563	0.9	0
0.461	0	7.59375	12.6563	0.9	0
0.462	0	7.59375	12.6563	0.9	0
0.463	0	7.59375	12.6563	0.9	0
0.464	0	7.59375	12.6563	0.9	0
0.465	0	7.59375	12.6563	0.9	0
0.466	0	7.59375	12.6563	0.9	0
0.467	0	7.59375	12.6563	0.9	0
0.468	0	7.59375	12.6563	0.9	0
0.469	0	7.59375	12.6563	0.9	0
0.47	0	7.59375	12.6563	0.9	0
0.471	0	7.59375	12.6563	0.9	0
0.472	0	7.59375	12.6563	0.9	0
0.473	0	7.59375	12.6563	0.9	0
0.474	0	7.59375	12.6563	0.9	0
0.475	0	7.59375	12.6563	0.9	0
0.476	0	7.59375	12.6563	0.9	0
0.477	0	7.59375	12.6563	0.9	0
0.478	0	7.59375	12.6563	0.9	0
0.479	0	7.59375	12.6563	0.9	0
0.48	0	7.59375	12.6563	0.9	0
0.481	0	7.59375	12.6563	0.9	0
0.482	0	7.59375	12.6563	0.9	0
0.483	0	7.59375	12.6563	0.9	0
0.484	0	7.59375	12.6563	0.9	0
0.485	0	7.59375	12.6563	0.9	0
0.486	0	7.59375	12.6563	0.9	0
0.487	0	7.59375	12.6563	0.9	0
0.488	0	7.59375	12.6563	0.9	0
0.489	0	7.59375	12.6563	0.9	0
0.49	0	7.59375	12.6563	0.9	0
0.491	0	7.59375	12.6563	0.9	0
0.492	0	7.59375	12.6563	0.9	0
0.493	0	7.59375	12.6563	0.9	0
0.494	0	7.59375	12.6563	0.9	0
0.495	0	7.59375	12.6563	0.9	0
0.496	0	7.59375	12.6563	0.9	0
0.497	0	7.59375	12.6563	0.9	0
0.498	0	7.59375	12.6563	0.9	0
0.499	0	7.59375	12.6563	0.9	0
0.5	0	7.59375	12.6563	0.9	0
0.501	0	7.59375	12.6563	0.9	0
0.502	0	7.59375	12.6563	0.9	0
0.503	0	7.59375	12.6563	0.9	0
0.504	0	7.59375	12.6563	0.9	0
0.505	0	7.59375	12.6563	0.9	0
0.506	0	7.59375	12.6563	0.9	0
0.507	0	7.59375	12.6563	0.9	0
0.508	0	7.59375	12.6563	0.9	0
0.509	0	7.59375	12.6563	0.9	0
0.51	0	7.59375	12.6563	0.9	0
0.511	0	7.59375	12.6563	0.9	0
0.512	0	7.59375	12.6563	0.9	0
0.513	0	7.59375	12.6563	0.9	0
0.514	0	7.59375	12.6563	0.9	0
0.515	0	7.59375	12.6563	0.9	0
0.516	0	7.59375	12.6563	0.9	0
0.517	0	7.59375	12.6563	0.9	0
0.518	0	7.59375	12.6563	0.9	0
0.519	0	7.59375	12.6563	0.9	0
0.52	0	7.59375	12.6563	0.9	0
0.521	0	7.59375	12.6563	0.9	0
0.522	0	7.59375	12.6563	0.9	0
0.523	0	7.59375	12.6563	0.9	0
0.524	0	7.59375	12.6563	0.9	0
0.525	0	7.59375	12.6563	0.9	0
0.526	0	7.59375	12.6563	0.9	0
0.527	0	7.59375	12.6563	0.9	0
0.528	0	7.59375	12.6563	0.9	0
0.529	0	7.59375	12.6563	0.9	0
0.53	0	7.59375	12.6563	0.9	0
0.531	0	7.59375	12.6563	0.9	0
0.532	0	7.59375	12.6563	0.9	0
0.533	0	7.59375	12.6563	0.9	0
0.534	0	7.59375	12.6563	0.9	0
0.535	0	7.59375	12.6563	0.9	0
0.536	0	7.59375	12.6563	0.9	0
0.537	0	7.59375	12.6563	0.9	0
0.538	0	7.59375	12.6563	0.9	0
0.539	0	7.59375	12.6563	0.9	0
0.54	0	7.59375	12.6563	0.9	0
0.541	0	7.59375	12.6563	0.9	0
0.542	0	7.59375	12.6563	0.9	0
0.543	0	7.59375	12.6563	0.9	0
0.544	0	7.59375	12.6563	0.9	0
0.545	0	7.59375	12.6563	0.9	0
0.546	0	7.59375	12.6563	0.9	0
0.547	0	7.59375	12.6563	0.9	0
0.548	0	7.59375	12.6563	0.9	0
0.549	0	7.59375	12.6563	0.9	0
0.55	0	7.59375	12.6563	0.9	0
0.551	0	7.59375	12.6563	0.9	0
0.552	0	7.59375	12.6563	0.9	0
0.553	0	7.59375	12.6563	0.9	0
0.554	0	7.59375	12.6563	0.9	0
0.555	0	7.59375	12.6563	0.9	0
0.556	0	7.59375	12.6563	0.9	0
0.557	0	7.59375	12.6563	0.9	0
0.558	0	7.59375	12.6563	0.9	0
0.559	0	7.59375	12.6563	0.9	0
0.56	0	7.59375	12.6563	0.9	0
0.561	0	7.59375	12.6563	0.9	0
0.562	0	7.59375	12.6563	0.9	0
0.563	0	7.59375	12.6563	0.9	0
0.564	0	7.59375	12.6563	0.9	0
0.565	0	7.59375	12.6563	0.9	0
0.566	0	7.59375	12.6563	0.9	0
0.567	0	7.59375	12.6563	0.9	0
0.568	0	7.59375	12.6563	0.9	0
0.569	0	7.59375	12.6563	0.9	0
0.57	0	7.59375	12.6563	0.9	0
0.571	0	7.59375	12.6563	0.9	0
0.572	0	7.59375	12.6563	0.9	0
0.573	0	7.59375	12.6563	0.9	0
0.574	0	7.59375	12.6563	0.9	0
0.575	0	7.59375	12.6563	0.9	0
0.576	0	7.59375	12.6563	0.9	0
0.577	0	7.59375	12.6563	0.9	0
0.578	0	7.59375	12.6563	0.9	0
0.579	0	7.59375	12.6563	0.9	0
0.58	0	7.59375	12.6563	0.9	0
0.581	0	7.59375	12.6563	0.9	0
0.582	0	7.59375	12.6563	0.9	0
0.583	0	7.59375	12.6563	0.9	0
0.584	0	7.59375	12.6563	0.9	0
0.585	0	7.59375	12.6563	0.9	0
0.586	0	7.59375	12.6563	0.9	0
0.587	0	7.59375	12.6563	0.9	0
0.588	0	7.59375	12.6563	0.9	0
0.589	0	7.59375	12.6563	0.9	0
0.59	0	7.59375	12.6563	0.9	0
0.591	0	7.59375	12.6563	0.9	0
0.592	0	7.59375	12.6563	0.9	0
0.593	0	7.59375	12.6563	0.9	0
0.594	0	7.59375	12.6563	0.9	0
0.595	0	7.59375	12.6563	0.9	0
0.596	0	7.59375	12.6563	0.9	0
0.597	0	7.59375	12.6563	0.9	0
0.598	0	7.59375	12.6563	0.9	0
0.599	0	7.59375	12.6563	0.9	0
0.6	0	7.59375	12.6563	0.9	0
0.601	0	7.59375	12.6563	0.9	0
0.602	0	7.59375	12.6563	0.9	0
0.603	0	7.59375	12.6563	0.9	0
0.604	0	7.59375	12.6563	0.9	0
0.605	0	7.59375	12.6563	0.9	0
0.606	0	7.59375	12.6563	0.9	0
0.607	0	7.59375	12.6563	0.9	0
0.608	0	7.59375	12.6563	0.9	0
0.609	0	7.59375	12.6563	0.9	0
0.61	0	7.59375	12.6563	0.9	0
0.611	0	7.59375	12.6563	0.9	0
0.612	0	7.59375	12.6563	0.9	0
0.613	0	7.59375	12.6563	0.9	0
0.614	0	7.59375	12.6563	0.9	0
0.615	0	7.59375	12.6563	0.9	0
0.616	0	7.59375	12.6563	0.9	0
0.617	0	7.59375	12.6563	0.9	0
0.618	0	7.59375	12.6563	0.9	0
0.619	0	7.59375	12.6563	0.9	0
0.62	0	7.59375	12.6563	0.9	0
0.621	0	7.59375	12.6563	0.9	0
0.622	0	7.59375	12.6563	0.9	0
0.623	0	7.59375	12.6563	0.9	0
0.624	0	7.59375	12.6563	0.9	0
0.625	0	7.59375	12.6563	0.9	0
0.626	0	7.59375	12.6563	0.9	0
0.627	0	7.59375	12.6563	0.9	0
0.628	0	7.59375	12.6563	0.9	0
0.629	0	7.59375	12.6563	0.9	0
0.63	0	7.59375	12.6563	0.9	0
0.631	0	7.59375	12.6563	0.9	0
0.632	0	7.59375	12.6563	0.9	0
0.633	0	7.59375	12.6563	0.9	0
0.634	0	7.59375	12.6563	0.9	0
0.635	0	7.59375	12.6563	0.9	0
0.636	0	7.59375	12.6563	0.9	0
0.637	0	7.59375	12.6563	0.9	0
0.638	0	7.59375	12.6563	0.9	0
0.639	0	7.59375	12.6563	0.9	0
0.64	0	7.59375	12.6563	0.9	0
0.641	0	7.59375	12.6563	0.9	0
0.642	0	7.59375	12.6563	0.9	0
0.643	0	7.59375	12.6563	0.9	0
0.644	0	7.59375	12.6563	0.9	0
0.645	0	7.59375	12.6563	0.9	0
0.646	0	7.59375	12.6563	0.9	0
0.647	0	7.59375	12.6563	0.9	0
0.648	0	7.59375	12.6563	0.9	0
0.649	0	7.59375	12.6563	0.9	0
0.65	0	7.59375	12.6563	0.9	0
0.651	0	7.59375	12.6563	0.9	0
0.652	0	7.59375	12.6563	0.9	0
0.653	0	7.59375	12.6563	0.9	0
0.654	0	7.59375	12.6563	0.9	0
0.655	0	7.59375	12.6563	0.9	0
0.656	0	7.59375	12.6563	0.9	0
0.657	0	7.59375	12.6563	0.9	0
0.658	0	7.59375	12.6563	0.9	0
0.659	0	7.59375	12.6563	0.9	0
0.66	0	7.59375	12.6563	0.9	0
0.661	0	7.59375	12.6563	0.9	0
0.662	0	7.59375	12.6563	0.9	0
0.663	0	7.59375	12.6563	0.9	0
0.664	0	7.59375	12.6563	0.9	0
0.665	0	7.59375	12.6563	0.9	0
0.666	0	7.59375	12.6563	0.9	0
0.667	0	7.59375	12.6563	0.9	0
0.668	0	7.59375	12.6563	0.9	0
0.669	0	7.59375	12.6563	0.9	0
0.67	0	7.59375	12.6563	0.9	0
0.671	0	7.59375	12.6563	0.9	0
0.672	0	7.59375	12.6563	0.9	0
0.673	0	7.59375	12.6563	0.9	0
0.674	0	7.59375	12.6563	0.9	0
0.675	0	7.59375	12.6563	0.9	0
0.676	0	7.59375	12.6563	0.9	0
0.677	0	7.59375	12.6563	0.9	0
0.678	0	7.59375	12.6563	0.9	0
0.679	0	7.59375	12.6563	0.9	0
0.68	0	7.59375	12.6563	0.9	0
0.681	0	7.59375	12.6563	0.9	0
0.682	0	7.59375	12.6563	0.9	0
0.683	0	7.59375	12.6563	0.9	0
0.684	0	7.59375	12.6563	0.9	0
0.685	0	7.59375	12.6563	0.9	0
0.686	0	7.59375	12.6563	0.9	0
0.687	0	7.59375	12.6563	0.9	0
0.688	0	7.59375	12.6563	0.9	0
0.689	0	7.59375	12.6563	0.9	0
0.69	0	7.59375	12.6563	0.9	0
0.691	0	7.59375	12.6563	0.9	0
0.692	0	7.59375	12.6563	0.9	0
0.693	0	7.59375	12.6563	0.9	0
0.694	0	7.59375	12.6563	0.9	0
0.695	0	7.59375	12.6563	0.9	0
0.696	0	7.59375	12.6563	0.9	0
0.697	0	7.59375	12.6563	0.9	0
0.698	0	7.59375	12.6563	0.9	0
0.699	0	7.59375	12.6563	0.9	0
0.7	0	7.59375	12.6563	0.9	0
0.701	0	7.59375	12.6563	0.9	0
0.702	0	7.59375	12.6563	0.9	0
0.703	0	7.59375	12.6563	0.9	0
0.704	0	7.59375	12.6563	0.9	0
0.705	0	7.59375	12.6563	0.9	0
0.706	0	7.59375	12.6563	0.9	0
0.707	0	7.59375	12.6563	0.9	0
0.708	0	7.59375	12.6563	0.9	0
0.709	0	7.59375	12.6563	0.9	0
0.71	0	7.59375	12.6563	0.9	0
0.711	3.24299e-16	7.59375	12.6562	0.9	0
0.712	2.58218e-15	7.59375	12.6562	0.9	0
0.713	8.82126e-15	7.59375	12.6562	0.9	0
0.714	2.66246e-14	7.59375	12.6562	0.9	0
0.715	7.81016e-14	7.59375	12.6562	0.9	0
0.716	2.26584e-13	7.59375	12.6562	0.9	0
0.717	6.4515e-13	7.59375	12.6562	0.9	0
0.718	1.80828e-12	7.59375	12.6562	0.9	0
0.719	4.98859e-12	7.59375	12.6562	0.9	0
0.72	1.35417e-11	7.59375	12.6562	0.9	0
0.721	3.61594e-11	7.59375	12.6562	0.9	0
0.722	9.49557e-11	7.59375	12.6562	0.9	0
0.723	2.45156e-10	7.59375	12.6562	0.9	0
0.724	6.22073e-10	7.59375	12.6562	0.9	0
0.725	1.55083e-09	7.59375	12.6562	0.9	0
0.726	3.79711e-09	7.59375	12.6562	0.9	0
0.727	9.12709e-09	7.59375	12.6562	0.9	0
0.728	2.15288e-08	7.59375	12.6562	0.9	0
0.729	4.98101e-08	7.59375	12.6562	0.9	0
0.73	1.12983e-07	7.59375	12.6562	0.9	0
0.731	2.51122e-07	7.59374	12.6562	0.9	0
0.732	5.46614e-07	7.59374	12.6562	0.899999	0
0.733	1.1645e-06	7.59373	12.6562	0.899999	0
0.734	2.42642e-06	7.5937	12.6562	0.899998	0
0.735	4.94139e-06	7.59366	12.6562	0.899996	0
0.736	9.82745e-06	7.59357	12.6561	0.899991	0
0.737	1.90706e-05	7.5934	12.6559	0.899983	0
0.738	3.60748e-05	7.59309	12.6556	0.899969	0
0.739	6.64528e-05	7.59256	12.6551	0.899944	0
0.74	0.000119071	7.59165	12.6542	0.899901	0
0.741	0.000207291	7.59016	12.6527	0.89983	0
0.742001	0.000350195	7.5878	12.6503	0.899718	0
0.743001	0.000573445	7.58419	12.6467	0.899547	0
0.744002	0.000909213	7.5789	12.6414	0.899295	0
0.745003	0.00139466	7.57142	12.6339	0.89894	0
0.746005	0.00206859	7.5613	12.6238	0.89846	0
0.747007	0.00296665	7.54815	12.6106	0.897834	0
0.748011	0.00411581	7.53174	12.5941	0.897053	0
0.749016	0.00552988	7.51202	12.5743	0.896112	0
0.750022	0.00720729	7.48915	12.5514	0.89502	0
0.751031	0.00913199	7.46343	12.5255	0.893789	0
0.752041	0.011277	7.43527	12.4971	0.892438	0
0.753054	0.0136094	7.40513	12.4667	0.890989	0
0.754069	0.0160953	7.37342	12.4347	0.889461	0
0.755087	0.0187035	7.34052	12.4013	0.887871	0
0.756108	0.0214073	7.30672	12.367	0.886233	0
0.757131	0.0241858	7.27226	12.332	0.884558	0
0.758157	0.0270229	7.2373	12.2964	0.882854	0
0.759187	0.0299067	7.20197	12.2604	0.881128	0
0.760219	0.0328287	7.16637	12.224	0.879382	0
0.761254	0.0357827	7.13056	12.1873	0.877621	0
0.762293	0.0387642	7.09458	12.1504	0.875847	0
0.763334	0.0417699	7.05848	12.1133	0.874061	0
0.764379	0.0447973	7.02229	12.076	0.872265	0
0.765427	0.0478446	6.98601	12.0385	0.870459	0
0.766478	0.0509104	6.94968	12.0009	0.868645	0
0.767533	0.0539936	6.9133	11.9632	0.866823	0
0.768591	0.0570931	6.87689	11.9253	0.864993	0
0.769652	0.0602084	6.84045	11.8874	0.863157	0
0.770717	0.0633389	6.80399	11.8493	0.861313	0
0.771785	0.0664839	6.76753	11.8112	0.859463	0
0.772857	0.0696432	6.73106	11.773	0.857607	0
0.773932	0.0728165	6.69459	11.7347	0.855745	0
0.77501	0.0760034	6.65812	11.6963	0.853877	0
0.776092	0.0792037	6.62167	11.6578	0.852003	0
0.777178	0.0824173	6.58522	11.6193	0.850123	0
0.778267	0.085644	6.54878	11.5807	0.848238	0
0.77936	0.0888836	6.51237	11.542	0.846348	0
0.780457	0.0921363	6.47597	11.5033	0.844452	0
0.781557	0.0954017	6.43959	11.4645	0.842551	0
0.782661	0.09868	6.40323	11.4256	0.840644	0
0.783768	0.101971	6.3669	11.3867	0.838732	0
0.78488	0.105275	6.3306	11.3477	0.836815	0
0.785995	0.108592	6.29432	11.3086	0.834893	0
0.787114	0.111921	6.25807	11.2695	0.832966	0
0.788238	0.115263	6.22185	11.2303	0.831034	0
0.789364	0.118618	6.18566	11.1911	0.829096	0
0.790495	0.121986	6.1495	11.1518	0.827154	0
0.79163	0.125367	6.11337	11.1124	0.825206	0
0.792769	0.128761	6.07728	11.073	0.823253	0
0.793912	0.132167	6.04121	11.0336	0.821295	0
0.795059	0.135587	6.00519	10.9941	0.819332	0
0.79621	0.139019	5.9692	10.9545	0.817363	0
0.797366	0.142465	5.93324	10.9149	0.81539	0
0.798525	0.145924	5.89732	10.8752	0.813411	0
0.799689	0.149396	5.86144	10.8354	0.811427	0
0.800857	0.152882	5.8256	10.7956	0.809438	0
0.80203	0.156381	5.78979	10.7558	0.807444	0
0.803206	0.159894	5.75402	10.7159	0.805444	0
0.804387	0.16342	5.7183	10.6759	0.803439	0
0.805573	0.16696	5.68261	10.6359	0.801429	0
0.806763	0.170514	5.64696	10.5958	0.799414	0
0.807957	0.174081	5.61135	10.5557	0.797393	0
0.809156	0.177663	5.57579	10.5155	0.795367	0
0.81036	0.181259	5.54026	10.4753	0.793335	0
0.811568	0.184869	5.50478	10.435	0.791298	0
0.812781	0.188493	5.46933	10.3946	0.789255	0
0.813998	0.192132	5.43393	10.3542	0.787207	0
0.815221	0.195785	5.39858	10.3137	0.785154	0
0.816448	0.199453	5.36326	10.2732	0.783095	0
0.81768	0.203136	5.32799	10.2326	0.78103	0
0.818917	0.206834	5.29277	10.192	0.77896	0
0.820158	0.210546	5.25758	10.1513	0.776884	0
0.821405	0.214274	5.22245	10.1105	0.774802	0
0.822657	0.218017	5.18736	10.0697	0.772714	0
0.823914	0.221776	5.15231	10.0289	0.770621	0
0.825176	0.22555	5.11731	9.98795	0.768522	0
0.826443	0.22934	5.08235	9.94697	0.766417	0
0.827715	0.233146	5.04744	9.90592	0.764306	0
0.828993	0.236967	5.01257	9.86482	0.762189	0
0.830276	0.240805	4.97775	9.82366	0.760066	0
0.831564	0.244659	4.94298	9.78244	0.757937	0
0.832858	0.24853	4.90826	9.74116	0.755802	0
0.834157	0.252417	4.87358	9.69982	0.753661	0
0.835462	0.256321	4.83895	9.65842	0.751514	0
0.836773	0.260242	4.80437	9.61695	0.74936	0
0.838089	0.264179	4.76984	9.57543	0.7472	0
0.83941	0.268135	4.73536	9.53385	0.745034	0
0.840738	0.272107	4.70093	9.4922	0.742861	0
0.842071	0.276097	4.66654	9.45049	0.740682	0
0.84341	0.280105	4.6322	9.40872	0.738496	0
0.844756	0.284131	4.59792	9.36688	0.736304	0
0.846107	0.288174	4.56368	9.32498	0.734105	0
0.847464	0.292236	4.52949	9.28302	0.7319	0
0.848827	0.296317	4.49536	9.24099	0.729688	0
0.850197	0.300416	4.46127	9.1989	0.727469	0
0.851573	0.304534	4.42724	9.15674	0.725243	0
0.852955	0.308671	4.39326	9.11452	0.72301	0
0.854344	0.312828	4.35933	9.07223	0.720771	0
0.855739	0.317004	4.32545	9.02987	0.718524	0
0.85714	0.321199	4.29163	8.98745	0.71627	0
0.858548	0.325415	4.25786	8.94496	0.714009	0
0.859963	0.32965	4.22414	8.9024	0.711741	0
0.861385	0.333906	4.19047	8.85977	0.709466	0
0.862813	0.338182	4.15686	8.81708	0.707183	0
0.864249	0.342479	4.1233	8.77431	0.704893	0
0.865691	0.346797	4.08979	8.73147	0.702595	0
0.867141	0.351136	4.05634	8.68856	0.70029	0
0.868597	0.355497	4.02295	8.64559	0.697977	0
0.870061	0.35988	3.98961	8.60254	0.695656	0
0.871533	0.364284	3.95632	8.55942	0.693328	0
0.873011	0.368711	3.92309	8.51622	0.690992	0
0.874497	0.37316	3.88992	8.47295	0.688648	0
0.875991	0.377632	3.8568	8.42961	0.686296	0
0.877492	0.382127	3.82374	8.3862	0.683935	0
0.879002	0.386645	3.79074	8.3427	0.681567	0
0.880519	0.391187	3.75779	8.29914	0.67919	0
0.882044	0.395752	3.7249	8.25549	0.676805	0
0.883577	0.400342	3.69207	8.21177	0.674411	0
0.885118	0.404956	3.6593	8.16797	0.672009	0
0.886668	0.409595	3.62659	8.12409	0.669599	0
0.888225	0.414259	3.59393	8.08014	0.667179	0
0.889792	0.418949	3.56134	8.0361	0.664751	0
0.891367	0.423664	3.52881	7.99199	0.662314	0
0.89295	0.428405	3.49633	7.94779	0.659868	0
0.894543	0.433172	3.46392	7.90352	0.657413	0
0.896144	0.437966	3.43156	7.85915	0.654949	0
0.897754	0.442787	3.39927	7.81471	0.652476	0
0.899374	0.447635	3.36704	7.77018	0.649993	0
0.901003	0.452511	3.33487	7.72557	0.6475	0
0.902641	0.457415	3.30276	7.68087	0.644998	0
0.904289	0.462348	3.27072	7.63608	0.642486	0
0.905946	0.467309	3.23874	7.59121	0.639965	0
0.907613	0.4723	3.20682	7.54625	0.637433	0
0.909291	0.477321	3.17497	7.50121	0.634892	0
0.910978	0.482371	3.14318	7.45607	0.63234	0
0.912675	0.487452	3.11146	7.41084	0.629778	0
0.914383	0.492564	3.0798	7.36552	0.627206	0
0.916101	0.497707	3.04821	7.32011	0.624623	0
0.91783	0.502882	3.01668	7.2746	0.622029	0
0.91957	0.508089	2.98522	7.229	0.619425	0
0.921321	0.513329	2.95382	7.18331	0.616809	0
0.923083	0.518602	2.9225	7.13752	0.614183	0
0.924856	0.523909	2.89124	7.09164	0.611545	0
0.926641	0.529251	2.86005	7.04565	0.608897	0
0.928437	0.534626	2.82893	6.99957	0.606236	0
0.930245	0.540037	2.79788	6.95339	0.603564	0
0.932065	0.545484	2.7669	6.90711	0.60088	0
0.933898	0.550967	2.73598	6.86072	0.598184	0
0.935742	0.556487	2.70514	6.81423	0.595476	0
0.9376	0.562044	2.67437	6.76764	0.592756	0
0.93947	0.567639	2.64367	6.72094	0.590024	0
0.941353	0.573273	2.61305	6.67413	0.587278	0
0.943249	0.578947	2.5825	6.62722	0.58452	0
0.945159	0.58466	2.55202	6.5802	0.58175	0
0.947082	0.590414	2.52162	6.53307	0.578966	0
0.94902	0.596209	2.49129	6.48583	0.576168	0
0.950971	0.602046	2.46103	6.43848	0.573357	0
0.952937	0.607925	2.43085	6.39101	0.570533	0
0.954917	0.613848	2.40075	6.34343	0.567694	0
0.956912	0.619814	2.37073	6.29572	0.564842	0
0.958922	0.625826	2.34078	6.24791	0.561975	0
0.960948	0.631883	2.31091	6.19997	0.559094	0
0.96299	0.637987	2.28112	6.15192	0.556198	0
0.965047	0.644138	2.25141	6.10374	0.553287	0
0.96712	0.650337	2.22179	6.05544	0.550361	0
0.96921	0.656585	2.19224	6.00702	0.547419	0
0.971317	0.662883	2.16277	5.95846	0.544462	0
0.973441	0.669231	2.13339	5.90978	0.541489	0
0.975583	0.675631	2.10409	5.86097	0.5385	0
0.977742	0.682084	2.07487	5.81203	0.535495	0
0.97992	0.68859	2.04575	5.76296	0.532472	0
0.982116	0.695151	2.0167	5.71376	0.529434	0
0.984331	0.701768	1.98775	5.66442	0.526378	0
0.986565	0.708441	1.95888	5.61494	0.523304	0
0.98882	0.715173	1.9301	5.56532	0.520213	0
0.991094	0.721963	1.90141	5.51557	0.517103	0
0.993388	0.728814	1.87281	5.46567	0.513976	0
0.995704	0.735726	1.84431	5.41562	0.51083	0
0.998041	0.7427	1.81589	5.36543	0.507664	0
1.0004	0.749738	1.78757	5.3151	0.50448	0
1.00278	0.756842	1.75935	5.26462	0.501276	0
1.00518	0.764012	1.73123	5.21399	0.498053	0
1.00761	0.77125	1.7032	5.1632	0.494809	0
1.01006	0.778557	1.67527	5.11227	0.491545	0
1.01254	0.785935	1.64745	5.06118	0.48826	0
1.01504	0.793385	1.61972	5.00993	0.484953	0
1.01757	0.800908	1.5921	4.95852	0.481626	0
1.02012	0.808506	1.56459	4.90697	0.478276	0
1.0227	0.816181	1.53719	4.85525	0.474905	0
1.0253	0.823934	1.5099	4.80338	0.471511	0
1.02794	0.831767	1.48272	4.75135	0.468094	0
1.0306	0.839681	1.45566	4.69916	0.464655	0
1.0333	0.847677	1.42872	4.64681	0.461192	0
1.03602	0.855756	1.4019	4.59431	0.457706	0
1.03877	0.86392	1.37521	4.54166	0.454197	0
1.04156	0.872171	1.34865	4.48887	0.450664	0
1.04438	0.880509	1.32223	4.43594	0.447108	0
1.04723	0.888935	1.29596	4.38288	0.44353	0
1.05012	0.897448	1.26984	4.32971	0.439929	0
1.05304	0.906048	1.24389	4.27643	0.436306	0
1.056	0.914733	1.21812	4.22309	0.432663	0
1.059	0.9235	1.19254	4.1697	0.429003	0
1.06204	0.932344	1.1672	4.11634	0.425328	0
1.06511	0.941256	1.14211	4.06307	0.421643	0
1.06823	0.950222	1.11734	4.01001	0.417957	0
1.07138	0.959219	1.09297	3.95734	0.414281	0
1.07458	0.968208	1.06912	3.90534	0.410636	0
1.07782	0.977124	1.046	3.85451	0.407058	0
1.0811	0.985852	1.02401	3.80571	0.403607	0
1.08443	0.994182	1.00381	3.76055	0.400399	0
1.0878	1.00172	0.986704	3.722	0.397651	0
1.0912	1.00772	0.975067	3.69565	0.395763	0
1.09462	1.01084	0.972199	3.68916	0.395293	0.00109434
1.09805	1.0104	0.973489	3.69214	0.395498	0.00132377
1.10148	1.00986	0.974947	3.6955	0.39573	0.00173215
1.1049	1.00915	0.976648	3.69942	0.396001	0.00186324
1.10833	1.00839	0.978497	3.70366	0.396295	0.001896
1.11174	1.00762	0.980385	3.708	0.396596	0.0018453
1.11516	1.00687	0.982219	3.71222	0.396887	0.00171595
1.11857	1.00618	0.983923	3.71613	0.397156	0.00152893
1.12197	1.00556	0.985439	3.71963	0.397394	0.00130778
1.12537	1.00503	0.986733	3.72262	0.397596	0.00107459
1.12877	1.00459	0.987794	3.72509	0.397759	0.000848183
1.13217	1.00425	0.988629	3.72705	0.397886	0.000642547
1.13557	1.00399	0.989259	3.72855	0.397979	0.000466285
1.13896	1.0038	0.989713	3.72966	0.398044	0.000322958
1.14235	1.00367	0.990023	3.73045	0.398084	0.000212085
1.14575	1.00359	0.990223	3.731	0.398107	0.000130417
1.14914	1.00354	0.990342	3.73136	0.398115	7.31981e-05
1.15253	1.00351	0.990403	3.7316	0.398114	3.51898e-05
1.15592	1.00349	0.990426	3.73177	0.398106	1.15241e-05
1.15931	1.00349	0.990424	3.73188	0.398093	0
1.16271	1.00349	0.990388	3.73193	0.398073	0
1.1661	1.0035	0.990359	3.732	0.398054	0
1.16949	1.0035	0.990341	3.73211	0.398035	0
1.17288	1.00351	0.990303	3.73219	0.398012	0
1.17627	1.00351	0.990291	3.73234	0.397991	0
1.17966	1.00352	0.990259	3.73245	0.397966	0
1.18305	1.00352	0.990242	3.73262	0.397941	1.32937e-08
1.18644	1.00352	0.990218	3.7328	0.397913	0
1.18983	1.00353	0.990197	3.733	0.397882	7.50852e-07
1.19322	1.00353	0.990178	3.73324	0.39785	0
1.19661	1.00353	0.990155	3.73349	0.397813	0
1.2	1.00353	0.990137	3.7338	0.397773	0
1.20339	1.00353	0.990115	3.73414	0.397728	0
1.20678	1.00353	0.990098	3.73454	0.397678	0
1.21017	1.00353	0.990077	3.735	0.397621	9.49412e-08
1.21356	1.00353	0.990058	3.73555	0.397555	4.62332e-07
1.21695	1.00353	0.990038	3.73619	0.397479	1.39604e-06
1.22034	1.00353	0.990018	3.73698	0.397387	2.26324e-06
1.22372	1.00353	0.989999	3.73796	0.397274	3.08967e-06
1.22711	1.00353	0.989979	3.73925	0.39713	3.91506e-06
1.23049	1.00353	0.989959	3.74103	0.396933	4.74615e-06
1.23388	1.00353	0.989939	3.74356	0.396656	5.57958e-06
1.23726	1.00353	0.989919	3.74737	0.396245	6.43241e-06
1.24063	1.00352	0.989899	3.75357	0.395583	7.32719e-06
1.24401	1.00352	0.989878	3.76476	0.394399	8.15435e-06
1.24737	1.00352	0.989858	3.95139	0.375763	8.34406e-06
1.25057	1.00351	0.989855	0.763488	1.94474	1.05287e-06
1.25104	1.00351	0.989854	0.673343	2.20509	0
1.25157	1.00351	0.989854	0.691184	2.14817	2.04744e-06
1.25209	1.00351	0.989852	0.698678	2.12513	0
1.2526	1.00351	0.989852	0.702623	2.11319	2.315e-06
1.25311	1.00351	0.989851	0.704917	2.10631	0
1.25361	1.00351	0.989851	0.706506	2.10158	2.4615e-06
1.25412	1.00351	0.98985	0.707871	2.09752	0
1.25462	1.00351	0.98985	0.709247	2.09345	2.60725e-06
1.25513	1.00351	0.989849	0.710796	2.08889	0
1.25563	1.00351	0.989849	0.712523	2.08383	2.74674e-06
1.25613	1.00351	0.989848	0.713261	2.08167	0
1.25663	1.00351	0.989848	0.713591	2.08071	2.86646e-06
1.25713	1.00351	0.989847	0.713792	2.08012	0
1.25763	1.00351	0.989847	0.714128	2.07914	2.96159e-06
1.25813	1.0035	0.989846	0.714404	2.07833	0
1.25863	1.00351	0.989846	0.71491	2.07686	3.02421e-06
1.25913	1.0035	0.989845	0.715444	2.07531	0
1.25963	1.0035	0.989845	0.715937	2.07388	3.05154e-06
1.26013	1.0035	0.989844	0.716433	2.07244	0
1.26063	1.0035	0.989844	0.716938	2.07098	3.03801e-06
1.26113	1.0035	0.989842	0.717453	2.06949	0
1.26162	1.0035	0.989843	0.717987	2.06796	2.98457e-06
1.26212	1.0035	0.989841	0.718538	2.06637	0
1.26262	1.0035	0.989842	0.719106	2.06473	2.89799e-06
1.26311	1.0035	0.98984	0.719692	2.06305	0
1.26361	1.0035	0.98984	0.720286	2.06135	2.788e-06
1.26411	1.0035	0.989839	0.720876	2.05966	0
1.2646	1.0035	0.989839	0.721465	2.05798	2.6682e-06
1.2651	1.0035	0.989837	0.722071	2.05625	0
1.26559	1.0035	0.989837	0.722691	2.05448	2.5545e-06
1.26609	1.0035	0.989836	0.723254	2.05288	0
1.26658	1.0035	0.989836	0.723773	2.05141	2.46225e-06
1.26707	1.00349	0.989834	0.724264	2.05001	0
1.26757	1.0035	0.989834	0.724752	2.04864	2.40647e-06
1.26806	1.00349	0.989833	0.725219	2.04731	0
1.26855	1.00349	0.989833	0.725672	2.04603	2.39915e-06
1.26904	1.00349	0.989831	0.726098	2.04483	0
1.26954	1.00349	0.989831	0.726503	2.04369	2.44735e-06
1.27003	1.00349	0.98983	0.726883	2.04262	0
1.27052	1.00349	0.98983	0.727247	2.0416	2.55272e-06
1.27101	1.00349	0.989828	0.727598	2.04061	0
1.2715	1.00349	0.989829	0.727947	2.03963	2.7111e-06
1.27199	1.00349	0.989827	0.728297	2.03865	0
1.27248	1.00349	0.989827	0.72866	2.03763	2.91237e-06
1.27297	1.00349	0.989825	0.728994	2.0367	0
1.27346	1.00349	0.989826	0.729217	2.03607	3.1401e-06
1.27395	1.00349	0.989824	0.729376	2.03562	0
1.27444	1.00349	0.989825	0.729536	2.03518	3.3743e-06
1.27493	1.00349	0.989823	0.729636	2.0349	0
1.27542	1.00349	0.989824	0.72972	2.03467	3.5939e-06
1.27591	1.00348	0.989822	0.729752	2.03457	0
1.2764	1.00349	0.989823	0.729782	2.03449	3.7775e-06
1.27689	1.00348	0.989821	0.72982	2.03438	0
1.27738	1.00348	0.989822	0.729864	2.03426	3.90626e-06
1.27787	1.00348	0.98982	0.72993	2.03407	0
1.27836	1.00348	0.989821	0.730021	2.03382	3.96485e-06
1.27885	1.00348	0.989819	0.730146	2.03347	0
1.27933	1.00348	0.98982	0.730309	2.03302	3.94295e-06
1.27982	1.00348	0.989818	0.730486	2.03252	0
1.28031	1.00348	0.989819	0.730593	2.03222	3.83561e-06
1.2808	1.00348	0.989817	0.730641	2.03209	0
1.28129	1.00348	0.989817	0.730678	2.03198	3.64627e-06
1.28178	1.00347	0.989815	0.730701	2.03192	0
1.28227	1.00348	0.989816	0.730709	2.0319	3.3899e-06
1.28276	1.00347	0.989814	0.730689	2.03195	0
1.28324	1.00348	0.989815	0.730641	2.03208	3.08981e-06
1.28373	1.00347	0.989813	0.730594	2.03221	0
1.28422	1.00347	0.989813	0.73057	2.03228	2.77731e-06
1.28471	1.00347	0.989811	0.730563	2.03229	0
1.2852	1.00347	0.989811	0.730591	2.03221	2.48802e-06
1.28569	1.00347	0.989809	0.730656	2.03203	0
1.28618	1.00347	0.989809	0.730765	2.03172	2.25736e-06
1.28667	1.00347	0.989807	0.730899	2.03135	0
1.28716	1.00347	0.989807	0.730982	2.03112	2.1159e-06
1.28764	1.00347	0.989805	0.730999	2.03107	0
1.28813	1.00347	0.989805	0.731004	2.03105	2.08641e-06
1.28862	1.00347	0.989803	0.730998	2.03107	0
1.28911	1.00347	0.989803	0.730988	2.03109	2.18197e-06
1.2896	1.00347	0.989801	0.730947	2.0312	0
1.29009	1.00347	0.989802	0.730887	2.03137	2.40196e-06
1.29058	1.00347	0.9898	0.730802	2.0316	0
1.29106	1.00347	0.9898	0.730758	2.03173	2.73247e-06
1.29155	1.00347	0.989798	0.730723	2.03182	0
1.29204	1.00347	0.989798	0.730726	2.03181	3.14783e-06
1.29253	1.00346	0.989796	0.730763	2.0317	0
1.29302	1.00347	0.989797	0.73085	2.03146	3.61289e-06
1.29351	1.00346	0.989795	0.730964	2.03114	0
1.294	1.00346	0.989796	0.731052	2.0309	4.08581e-06
1.29448	1.00346	0.989793	0.731058	2.03088	0
1.29497	1.00346	0.989795	0.731053	2.03089	4.52217e-06
1.29546	1.00346	0.989792	0.731037	2.03094	0
1.29595	1.00346	0.989794	0.731023	2.03098	4.88228e-06
1.29644	1.00346	0.989791	0.730974	2.03111	0
1.29693	1.00346	0.989793	0.730913	2.03128	5.13198e-06
1.29742	1.00345	0.989791	0.730807	2.03157	0
1.2979	1.00346	0.989792	0.730755	2.03172	5.2467e-06
1.29839	1.00345	0.98979	0.730702	2.03186	0
1.29888	1.00346	0.989791	0.73069	2.0319	5.21333e-06
1.29937	1.00345	0.989789	0.730708	2.03184	0
1.29986	1.00345	0.98979	0.730777	2.03165	5.02866e-06
1.30035	1.00345	0.989788	0.730882	2.03136	0
1.30084	1.00345	0.989789	0.73099	2.03106	4.69791e-06
1.30133	1.00345	0.989787	0.730999	2.03103	0
1.30181	1.00345	0.989788	0.730986	2.03107	4.23397e-06
1.3023	1.00345	0.989786	0.730973	2.0311	0
1.30279	1.00345	0.989786	0.730946	2.03117	3.66193e-06
1.30328	1.00344	0.989784	0.730908	2.03128	0
1.30377	1.00345	0.989784	0.730843	2.03146	3.01337e-06
1.30426	1.00344	0.989782	0.730748	2.03172	0
1.30475	1.00344	0.989782	0.730677	2.03191	2.32688e-06
1.30523	1.00344	0.98978	0.73062	2.03207	0
1.30572	1.00344	0.98978	0.730592	2.03215	1.6451e-06
1.30621	1.00344	0.989778	0.730595	2.03213	0
1.3067	1.00344	0.989777	0.730643	2.032	1.01201e-06
1.30719	1.00344	0.989775	0.730732	2.03175	0
1.30768	1.00344	0.989774	0.730843	2.03143	4.83973e-07
1.30817	1.00344	0.989772	0.730888	2.03131	0
1.30866	1.00344	0.989771	0.730883	2.03132	5.11829e-07
1.30914	1.00344	0.989769	0.73087	2.03135	0
1.30963	1.00344	0.989768	0.730846	2.03142	1.11981e-06
1.31012	1.00344	0.989766	0.730817	2.03149	0
1.31061	1.00344	0.989766	0.730759	2.03165	2.13591e-06
1.3111	1.00344	0.989764	0.730679	2.03187	0
1.31159	1.00344	0.989764	0.730588	2.03213	3.3035e-06
1.31208	1.00344	0.989762	0.730528	2.03229	0
1.31257	1.00344	0.989763	0.730484	2.03241	4.44416e-06
1.31306	1.00344	0.98976	0.730471	2.03244	0
1.31354	1.00344	0.989762	0.730496	2.03237	5.46794e-06
1.31403	1.00343	0.989759	0.730564	2.03218	0
1.31452	1.00344	0.989761	0.730672	2.03189	6.26289e-06
1.31501	1.00343	0.989758	0.730771	2.0316	0
1.3155	1.00343	0.989761	0.730785	2.03157	6.88083e-06
1.31599	1.00343	0.989758	0.730769	2.03161	0
1.31648	1.00343	0.98976	0.73076	2.03164	7.27517e-06
1.31697	1.00342	0.989757	0.730733	2.03171	0
1.31745	1.00343	0.98976	0.730693	2.03182	7.37403e-06
1.31794	1.00342	0.989757	0.730627	2.032	0
1.31843	1.00343	0.98976	0.73053	2.03228	7.20147e-06
1.31892	1.00342	0.989756	0.730461	2.03246	0
1.31941	1.00342	0.989759	0.730403	2.03263	6.82461e-06
1.3199	1.00342	0.989756	0.730374	2.0327	0
1.32039	1.00342	0.989758	0.730376	2.0327	6.23087e-06
1.32088	1.00341	0.989755	0.730419	2.03258	0
1.32137	1.00342	0.989757	0.730503	2.03235	5.44506e-06
1.32185	1.00341	0.989754	0.730614	2.03203	0
1.32234	1.00342	0.989755	0.73068	2.03185	4.52565e-06
1.32283	1.00341	0.989753	0.730687	2.03183	0
1.32332	1.00341	0.989753	0.730675	2.03186	3.54491e-06
1.32381	1.00341	0.989751	0.730658	2.0319	0
1.3243	1.00341	0.989751	0.730633	2.03197	2.51425e-06
1.32479	1.00341	0.989748	0.730581	2.03211	0
1.32528	1.00341	0.989748	0.730507	2.03232	1.49837e-06
1.32576	1.00341	0.989746	0.73041	2.03258	0
1.32625	1.00341	0.989744	0.730351	2.03274	5.5653e-07
1.32674	1.00341	0.989742	0.730298	2.03289	0
1.32723	1.00341	0.98974	0.73028	2.03293	0
1.32772	1.00341	0.989736	0.730291	2.03289	0
1.32821	1.00341	0.98973	0.730345	2.03273	0
1.3287	1.00342	0.989727	0.730439	2.03246	0
1.32919	1.00342	0.989726	0.730554	2.03214	1.52113e-06
1.32968	1.00342	0.989724	0.730596	2.03202	0
1.33017	1.00342	0.989724	0.730594	2.03202	3.72503e-06
1.33065	1.00341	0.989721	0.730585	2.03205	0
1.33114	1.00342	0.989723	0.730566	2.0321	5.67081e-06
1.33163	1.00341	0.98972	0.730535	2.03218	0
1.33212	1.00341	0.989722	0.730479	2.03234	7.44131e-06
1.33261	1.00341	0.989719	0.730396	2.03257	0
1.3331	1.00341	0.989722	0.730314	2.0328	8.5224e-06
1.33359	1.0034	0.989719	0.730254	2.03296	0
1.33408	1.00341	0.989722	0.730214	2.03308	9.4283e-06
1.33457	1.0034	0.989719	0.7302	2.03311	0
1.33506	1.0034	0.989723	0.730225	2.03305	1.02426e-05
1.33554	1.00339	0.989719	0.730286	2.03287	0
1.33603	1.0034	0.989723	0.730395	2.03258	1.03962e-05
1.33652	1.00339	0.989719	0.730509	2.03225	0
1.33701	1.0034	0.989724	0.730541	2.03217	1.01623e-05
1.3375	1.00339	0.98972	0.730529	2.0322	0
1.33799	1.00339	0.989724	0.730529	2.03221	9.86503e-06
1.33848	1.00338	0.98972	0.730502	2.03227	0
1.33897	1.00339	0.989724	0.730473	2.03236	9.10473e-06
1.33946	1.00338	0.98972	0.730411	2.03253	0
1.33994	1.00338	0.989723	0.730324	2.03277	8.05271e-06
1.34043	1.00338	0.98972	0.730249	2.03298	0
1.34092	1.00338	0.989722	0.730191	2.03314	6.8414e-06
1.34141	1.00338	0.989719	0.730155	2.03324	0
1.3419	1.00338	0.98972	0.730147	2.03326	5.47099e-06
1.34239	1.00337	0.989717	0.730176	2.03318	0
1.34288	1.00338	0.989718	0.730244	2.03299	3.98711e-06
1.34337	1.00337	0.989715	0.730355	2.03267	0
1.34386	1.00338	0.989715	0.730466	2.03236	2.51304e-06
1.34435	1.00337	0.989712	0.730491	2.03229	0
1.34484	1.00337	0.989711	0.730477	2.03233	1.14234e-06
1.34532	1.00337	0.989709	0.730476	2.03232	0
1.34581	1.00337	0.989707	0.73045	2.03239	0
1.3463	1.00337	0.989703	0.730415	2.03248	0
1.34679	1.00338	0.989695	0.730349	2.03265	0
1.34728	1.00338	0.989685	0.730253	2.0329	0
1.34777	1.00339	0.989681	0.730183	2.03308	1.04073e-06
1.34826	1.00339	0.989679	0.730123	2.03324	0
1.34875	1.00339	0.98968	0.730093	2.03333	5.18824e-06
1.34924	1.00338	0.989677	0.730086	2.03334	0
1.34973	1.00339	0.989679	0.730122	2.03325	7.30403e-06
1.35021	1.00338	0.989675	0.73019	2.03305	0
1.3507	1.00338	0.989678	0.730306	2.03273	8.71196e-06
1.35119	1.00338	0.989674	0.73041	2.03244	0
1.35168	1.00338	0.989679	0.730438	2.03237	1.09853e-05
1.35217	1.00337	0.989674	0.730423	2.0324	0
1.35266	1.00338	0.98968	0.730426	2.0324	1.26221e-05
1.35315	1.00337	0.989675	0.7304	2.03247	0
1.35364	1.00337	0.989681	0.730367	2.03257	1.32612e-05
1.35413	1.00336	0.989676	0.730301	2.03274	0
1.35462	1.00337	0.989682	0.730209	2.03301	1.38767e-05
1.3551	1.00335	0.989677	0.730144	2.03318	0
1.35559	1.00336	0.989684	0.730087	2.03335	1.40887e-05
1.35608	1.00335	0.989679	0.730057	2.03343	0
1.35657	1.00336	0.989685	0.730056	2.03344	1.35312e-05
1.35706	1.00334	0.98968	0.730091	2.03334	0
1.35755	1.00335	0.989686	0.730165	2.03314	1.2608e-05
1.35804	1.00334	0.989681	0.730278	2.03282	0
1.35853	1.00335	0.989686	0.730383	2.03253	1.14669e-05
1.35902	1.00334	0.989682	0.730408	2.03246	0
1.35951	1.00334	0.989686	0.730398	2.03249	9.8691e-06
1.36	1.00333	0.989682	0.730396	2.03249	0
1.36048	1.00334	0.989684	0.730375	2.03255	8.01585e-06
1.36097	1.00333	0.989681	0.730336	2.03265	0
1.36146	1.00333	0.989682	0.730274	2.03283	6.11503e-06
1.36195	1.00333	0.989679	0.730176	2.0331	0
1.36244	1.00333	0.989679	0.730115	2.03327	4.10067e-06
1.36293	1.00333	0.989676	0.730054	2.03343	0
1.36342	1.00333	0.989675	0.730026	2.03351	2.09073e-06
1.36391	1.00333	0.989673	0.730022	2.03351	0
1.3644	1.00333	0.989671	0.730058	2.03341	3.11463e-07
1.36489	1.00333	0.989668	0.730129	2.03321	0
1.36538	1.00333	0.98966	0.73024	2.03288	0
1.36587	1.00334	0.989646	0.730339	2.03258	0
1.36635	1.00335	0.989632	0.73036	2.03249	0
1.36684	1.00336	0.989628	0.730346	2.03252	1.00834e-06
1.36733	1.00336	0.989628	0.730347	2.03251	3.72656e-06
1.36782	1.00335	0.989625	0.730324	2.03258	0
1.36831	1.00335	0.989627	0.730288	2.03268	7.55071e-06
1.3688	1.00335	0.989623	0.730224	2.03285	0
1.36929	1.00335	0.989627	0.73013	2.03312	1.17917e-05
1.36978	1.00334	0.989622	0.730066	2.03329	0
1.37027	1.00335	0.989628	0.730009	2.03346	1.37234e-05
1.37076	1.00334	0.989623	0.729979	2.03353	0
1.37125	1.00334	0.989629	0.729978	2.03355	1.51425e-05
1.37173	1.00333	0.989624	0.730012	2.03344	0
1.37222	1.00334	0.989632	0.730086	2.03325	1.74028e-05
1.37271	1.00332	0.989626	0.730198	2.03293	0
1.3732	1.00333	0.989635	0.73031	2.03263	1.83927e-05
1.37369	1.00331	0.989628	0.730337	2.03255	0
1.37418	1.00332	0.989637	0.730328	2.03259	1.84623e-05
1.37467	1.00331	0.989631	0.730328	2.03257	0
1.37516	1.00332	0.98964	0.730309	2.03265	1.8285e-05
1.37565	1.0033	0.989634	0.730272	2.03274	0
1.37614	1.00331	0.989642	0.730213	2.03292	1.7479e-05
1.37663	1.00329	0.989636	0.730116	2.03317	0
1.37711	1.0033	0.989643	0.730056	2.03336	1.58616e-05
1.3776	1.00329	0.989638	0.729994	2.03352	0
1.37809	1.0033	0.989644	0.729968	2.0336	1.39746e-05
1.37858	1.00328	0.989639	0.72996	2.03362	0
1.37907	1.00329	0.989643	0.729997	2.03352	1.17414e-05
1.37956	1.00328	0.989639	0.730062	2.03333	0
1.38005	1.00329	0.989642	0.730178	2.03301	9.09838e-06
1.38054	1.00328	0.989638	0.730291	2.03269	0
1.38103	1.00328	0.989639	0.730323	2.03261	6.38328e-06
1.38152	1.00328	0.989635	0.730308	2.03264	0
1.38201	1.00328	0.989635	0.730313	2.03263	3.73006e-06
1.38249	1.00328	0.989632	0.730286	2.03269	0
1.38298	1.00328	0.98963	0.730255	2.03278	1.10513e-06
1.38347	1.00328	0.989627	0.730191	2.03295	0
1.38396	1.00328	0.989622	0.730099	2.03319	0
1.38445	1.00328	0.989607	0.730026	2.03337	0
1.38494	1.00329	0.989586	0.729957	2.03351	0
1.38543	1.00331	0.989567	0.729918	2.03359	0
1.38592	1.00332	0.989566	0.729909	2.03361	6.3287e-06
1.38641	1.00332	0.989563	0.729939	2.03352	0
1.3869	1.00332	0.989566	0.730005	2.03334	9.37706e-06
1.38739	1.00331	0.989561	0.730115	2.03302	0
1.38788	1.00332	0.989565	0.730233	2.0327	1.24761e-05
1.38837	1.0033	0.98956	0.730269	2.03259	0
1.38885	1.00331	0.989567	0.730262	2.03263	1.63238e-05
1.38934	1.0033	0.989561	0.730264	2.03261	0
1.38983	1.00331	0.989569	0.730244	2.03268	2.01631e-05
1.39032	1.00329	0.989562	0.730212	2.03276	0
1.39081	1.0033	0.989573	0.730157	2.03293	2.19665e-05
1.3913	1.00328	0.989565	0.730067	2.03317	0
1.39179	1.00329	0.989577	0.730002	2.03337	2.33944e-05
1.39228	1.00327	0.989569	0.729939	2.03353	0
1.39277	1.00328	0.989581	0.72991	2.03364	2.48789e-05
1.39326	1.00326	0.989573	0.729897	2.03366	0
1.39375	1.00327	0.989585	0.72993	2.03359	2.442e-05
1.39424	1.00325	0.989578	0.729988	2.03341	0
1.39472	1.00326	0.989589	0.7301	2.03313	2.34991e-05
1.39521	1.00324	0.989582	0.730213	2.03279	0
1.3957	1.00325	0.989593	0.730265	2.03267	2.23094e-05
1.39619	1.00323	0.989586	0.730258	2.03268	0
1.39668	1.00324	0.989595	0.730264	2.03268	1.99963e-05
1.39717	1.00323	0.989588	0.730241	2.03273	0
1.39766	1.00324	0.989596	0.730217	2.03281	1.69963e-05
1.39815	1.00322	0.98959	0.730157	2.03297	0
1.39864	1.00323	0.989595	0.730077	2.0332	1.36731e-05
1.39913	1.00322	0.98959	0.73	2.0334	0
1.39962	1.00322	0.989593	0.729943	2.03357	1.0033e-05
1.4001	1.00321	0.989588	0.729903	2.03367	0
1.40059	1.00322	0.989589	0.729891	2.03371	6.22194e-06
1.40108	1.00321	0.989585	0.729912	2.03364	0
1.40157	1.00322	0.989584	0.729969	2.03348	2.56995e-06
1.40206	1.00321	0.98958	0.730068	2.03319	0
1.40255	1.00322	0.989576	0.730183	2.03287	0
1.40304	1.00322	0.989565	0.730236	2.0327	0
1.40353	1.00323	0.98954	0.730227	2.03267	0
1.40402	1.00325	0.989508	0.730213	2.03264	0
1.40451	1.00327	0.989491	0.730189	2.03267	0
1.405	1.00328	0.989489	0.730163	2.03274	8.88594e-07
1.40549	1.00328	0.989491	0.73011	2.03289	1.04963e-05
1.40598	1.00327	0.989486	0.730029	2.03311	0
1.40646	1.00328	0.989492	0.729952	2.03334	1.58639e-05
1.40695	1.00326	0.989485	0.729891	2.03349	0
1.40744	1.00327	0.989493	0.729852	2.03362	1.96683e-05
1.40793	1.00325	0.989485	0.729834	2.03365	0
1.40842	1.00326	0.989495	0.729856	2.03361	2.23158e-05
1.40891	1.00324	0.989488	0.729906	2.03346	0
1.4094	1.00326	0.989501	0.730006	2.0332	2.7926e-05
1.40989	1.00323	0.989492	0.730119	2.03287	0
1.41038	1.00324	0.989506	0.730195	2.03269	3.00953e-05
1.41087	1.00322	0.989497	0.7302	2.03266	0
1.41136	1.00323	0.989513	0.730204	2.03268	3.14166e-05
1.41185	1.0032	0.989503	0.730188	2.0327	0
1.41233	1.00322	0.98952	0.730172	2.03278	3.292e-05
1.41282	1.00319	0.98951	0.730118	2.03291	0
1.41331	1.00321	0.989526	0.730051	2.03313	3.27089e-05
1.4138	1.00318	0.989516	0.729961	2.03336	0
1.41429	1.0032	0.989532	0.729911	2.03353	3.09666e-05
1.41478	1.00317	0.989523	0.729859	2.03366	0
1.41527	1.00318	0.989537	0.729848	2.03372	2.8396e-05
1.41576	1.00316	0.989528	0.729855	2.03368	0
1.41625	1.00317	0.98954	0.72991	2.03355	2.49721e-05
1.41674	1.00315	0.989532	0.729993	2.0333	0
1.41723	1.00316	0.989541	0.730114	2.03299	2.04232e-05
1.41772	1.00314	0.989534	0.730193	2.03275	0
1.41821	1.00315	0.98954	0.730213	2.03271	1.55208e-05
1.41869	1.00314	0.989534	0.730205	2.03272	0
1.41918	1.00315	0.989537	0.730199	2.03274	1.03874e-05
1.41967	1.00314	0.989531	0.730176	2.03279	0
1.42016	1.00314	0.989531	0.73013	2.03292	5.09034e-06
1.42065	1.00314	0.989527	0.730059	2.03311	0
1.42114	1.00314	0.989524	0.729965	2.03336	1.07021e-07
1.42163	1.00314	0.989515	0.729905	2.03352	0
1.42212	1.00315	0.989491	0.729842	2.03364	0
1.42261	1.00317	0.98945	0.729802	2.03367	0
1.4231	1.00321	0.989412	0.72979	2.03362	0
1.42359	1.00323	0.989402	0.72983	2.03349	2.00692e-06
1.42408	1.00323	0.989402	0.72991	2.03327	4.15411e-06
1.42457	1.00323	0.989399	0.730026	2.03294	0
1.42506	1.00323	0.989401	0.730122	2.03268	1.24732e-05
1.42554	1.00322	0.989396	0.730144	2.0326	0
1.42603	1.00323	0.989404	0.730141	2.03263	2.14469e-05
1.42652	1.00321	0.989395	0.730135	2.03263	0
1.42701	1.00322	0.989406	0.730121	2.03269	2.58555e-05
1.4275	1.00319	0.989397	0.730075	2.0328	0
1.42799	1.00321	0.989411	0.730018	2.03299	2.97714e-05
1.42848	1.00318	0.989401	0.729915	2.03325	0
1.42897	1.0032	0.989419	0.729866	2.03342	3.61198e-05
1.42946	1.00316	0.989407	0.729803	2.03358	0
1.42995	1.00318	0.989427	0.729787	2.03366	4.04302e-05
1.43044	1.00315	0.989415	0.72978	2.03366	0
1.43093	1.00317	0.989437	0.729829	2.03357	4.27421e-05
1.43142	1.00313	0.989425	0.729895	2.03336	0
1.4319	1.00315	0.989447	0.730021	2.03305	4.40972e-05
1.43239	1.00311	0.989435	0.730125	2.03274	0
1.43288	1.00313	0.989457	0.730166	2.03267	4.38388e-05
1.43337	1.00309	0.989445	0.730149	2.03269	0
1.43386	1.00312	0.989466	0.730163	2.0327	4.10938e-05
1.43435	1.00308	0.989454	0.730135	2.03275	0
1.43484	1.0031	0.989473	0.73011	2.03286	3.69833e-05
1.43533	1.00307	0.989462	0.730043	2.03302	0
1.43582	1.00309	0.989477	0.729956	2.0333	3.1509e-05
1.43631	1.00306	0.989467	0.729889	2.03346	0
1.4368	1.00307	0.989479	0.729835	2.03364	2.45558e-05
1.43729	1.00305	0.98947	0.729801	2.03371	0
1.43778	1.00306	0.989477	0.729797	2.03374	1.69777e-05
1.43826	1.00305	0.98947	0.729826	2.03364	0
1.43875	1.00306	0.989472	0.729892	2.03346	9.24362e-06
1.43924	1.00305	0.989466	0.730001	2.03315	0
1.43973	1.00305	0.989464	0.730117	2.03282	1.79057e-06
1.44022	1.00305	0.989457	0.730155	2.0327	0
1.44071	1.00305	0.989436	0.730138	2.0327	0
1.4412	1.00307	0.989393	0.730124	2.03265	0
1.44169	1.00311	0.989346	0.730081	2.03268	0
1.44218	1.00315	0.989318	0.73004	2.03273	0
1.44267	1.00316	0.98931	0.729978	2.03289	0
1.44316	1.00316	0.989305	0.72989	2.03313	0
1.44365	1.00317	0.989303	0.729819	2.03332	5.22368e-06
1.44414	1.00316	0.989297	0.729757	2.03348	0
1.44462	1.00316	0.989299	0.729723	2.03358	1.30136e-05
1.44511	1.00315	0.989292	0.729708	2.03361	0
1.4456	1.00316	0.989299	0.729736	2.03354	2.04365e-05
1.44609	1.00314	0.98929	0.72979	2.03337	0
1.44658	1.00315	0.989302	0.729898	2.0331	2.88312e-05
1.44707	1.00313	0.989291	0.73001	2.03276	0
1.44756	1.00314	0.989309	0.730076	2.03262	3.78657e-05
1.44805	1.00311	0.989296	0.730072	2.0326	0
1.44854	1.00313	0.989318	0.730083	2.03262	4.58191e-05
1.44903	1.00309	0.989304	0.73006	2.03265	0
1.44952	1.00311	0.989331	0.730046	2.03274	5.30684e-05
1.45001	1.00306	0.989316	0.729986	2.03288	0
1.4505	1.00309	0.989346	0.72992	2.03313	5.92786e-05
1.45099	1.00304	0.98933	0.729835	2.03333	0
1.45147	1.00307	0.989363	0.729791	2.03352	6.20553e-05
1.45196	1.00301	0.989346	0.729741	2.03362	0
1.45245	1.00304	0.989378	0.72974	2.03369	6.17046e-05
1.45294	1.00299	0.989362	0.72975	2.03363	0
1.45343	1.00302	0.989393	0.729816	2.03351	5.80738e-05
1.45392	1.00297	0.989377	0.729902	2.03324	0
1.45441	1.003	0.989403	0.73003	2.03294	5.06091e-05
1.4549	1.00295	0.989389	0.730098	2.03272	0
1.45539	1.00298	0.98941	0.730119	2.0327	4.02621e-05
1.45588	1.00294	0.989397	0.730111	2.0327	0
1.45637	1.00296	0.989411	0.730107	2.03274	2.82866e-05
1.45686	1.00293	0.9894	0.73008	2.03279	0
1.45735	1.00295	0.989406	0.730034	2.03293	1.5629e-05
1.45784	1.00293	0.989399	0.729958	2.03313	0
1.45832	1.00294	0.989397	0.729871	2.03337	3.58903e-06
1.45881	1.00294	0.989389	0.72981	2.03352	0
1.4593	1.00294	0.989366	0.729751	2.03364	0
1.45979	1.00296	0.989323	0.729712	2.03366	0
1.46028	1.003	0.989287	0.729704	2.0336	0
1.46077	1.00302	0.98926	0.729739	2.03345	0
1.46126	1.00304	0.989227	0.729807	2.0332	0
1.46175	1.00307	0.9892	0.729912	2.03285	0
1.46224	1.00308	0.989194	0.730001	2.03259	0
1.46273	1.00308	0.989184	0.730018	2.03252	0
1.46322	1.00309	0.989181	0.730011	2.03253	5.82109e-06
1.46371	1.00308	0.989174	0.730004	2.03254	0
1.4642	1.00309	0.989177	0.729987	2.03259	1.52195e-05
1.46469	1.00307	0.989167	0.729939	2.03271	0
1.46518	1.00308	0.989174	0.729877	2.03289	2.1553e-05
1.46566	1.00306	0.989165	0.729776	2.03315	0
1.46615	1.00307	0.989178	0.729726	2.03332	3.26341e-05
1.46664	1.00304	0.989165	0.729664	2.03347	0
1.46713	1.00306	0.989183	0.729648	2.03355	3.98402e-05
1.46762	1.00302	0.989169	0.729641	2.03354	0
1.46811	1.00305	0.989192	0.729692	2.03345	5.03999e-05
1.4686	1.003	0.989176	0.729757	2.03323	0
1.46909	1.00303	0.989204	0.729886	2.03293	5.75755e-05
1.46958	1.00297	0.989187	0.729987	2.03261	0
1.47007	1.003	0.989225	0.730034	2.03256	7.473e-05
1.47056	1.00294	0.989203	0.730015	2.03257	0
1.47105	1.00298	0.989248	0.730039	2.03259	8.66388e-05
1.47154	1.0029	0.989224	0.730007	2.03263	0
1.47203	1.00295	0.989279	0.729996	2.03278	0.000105518
1.47252	1.00285	0.98925	0.729922	2.03292	0
1.473	1.00291	0.989309	0.729853	2.03324	0.000113161
1.47349	1.0028	0.989277	0.729778	2.03338	0
1.47398	1.00287	0.989333	0.729742	2.03359	0.000110295
1.47447	1.00276	0.989298	0.729698	2.03365	0
1.47496	1.00283	0.989348	0.729712	2.03371	0.000109186
1.47545	1.00273	0.989307	0.729726	2.03358	0
1.47594	1.00279	0.989325	0.729798	2.03342	6.83171e-05
1.47643	1.00273	0.989281	0.729889	2.03308	0
1.47692	1.00278	0.9893	0.730014	2.03277	0.000101234
1.47741	1.00269	0.989224	0.730025	2.03258	0
1.4779	1.00277	0.989173	0.729996	2.03256	2.99838e-05
1.47839	1.00274	0.989076	0.729958	2.03246	0
1.47888	1.0028	0.989087	0.729941	2.03253	0.000245344
1.47937	1.00258	0.988866	0.729816	2.03243	0
1.47986	1.0028	0.988791	0.729724	2.03253	0.000258485
1.48034	1.00257	0.988454	0.72949	2.03249	0
1.48083	1.00287	0.988595	0.729481	2.0328	0.000953294
1.48132	1.002	0.987872	0.729102	2.03237	0
1.48181	1.00281	0.987965	0.729107	2.03255	0.00139034
1.4823	1.00154	0.986782	0.72857	2.03162	0
1.48279	1.00279	0.98737	0.728853	2.03204	0.00322971
1.48328	0.999844	0.985073	0.72789	2.02999	0
1.48377	1.0025	0.985706	0.728267	2.03024	0.00498153
1.48426	0.997954	0.981854	0.72667	2.02675	0
1.48476	1.00219	0.983601	0.727498	2.02805	0.010025
1.48525	0.993044	0.976469	0.724322	2.02217	0
1.48574	1.00117	0.978619	0.725248	2.02404	0.0161621
1.48623	0.986409	0.966554	0.719818	2.01416	0
1.48673	0.999571	0.971119	0.721737	2.0183	0.0305244
1.48722	0.971677	0.949547	0.711922	2.00067	0
1.48773	0.995285	0.955028	0.71403	2.00628	0.0504766
1.48823	0.948908	0.918945	0.697327	1.97672	0
1.48874	0.985934	0.927156	0.700233	1.9861	0.091479
1.48925	0.901269	0.865635	0.671134	1.93471	0
1.48978	0.959455	0.867254	0.669959	1.94173	0.149658
1.49031	0.816895	0.755279	0.615233	1.84145	0.0120088
1.49089	0.803335	0.652038	0.565544	1.72941	0.199142
1.49152	0.575616	0.49423	0.48497	1.52864	0.13974
1.49226	0.375953	0.383743	0.422648	1.36192	0.115378
1.49311	0.17671	0.322723	0.383547	1.26213	0.0527866
1.49404	0.0674217	0.298263	0.366387	1.2211	0.0196131
1.49501	0.0226277	0.289749	0.360151	1.20678	0.00646823
1.496	0.00725452	0.286989	0.358097	1.20214	0.00206145
1.497	0.00228778	0.286114	0.357443	1.20067	0.000648696
1.498	0.000717954	0.28584	0.357237	1.20021	0.000203435
1.499	0.000224964	0.285754	0.357172	1.20007	6.37293e-05
1.5	7.04596e-05	0.285727	0.357152	1.20002	1.99589e-05
1.501	2.20647e-05	0.285718	0.357146	1.20001	6.25019e-06
1.502	6.9091e-06	0.285715	0.357144	1.2	1.95714e-06
1.503	2.16332e-06	0.285715	0.357143	1.2	6.1281e-07
1.504	6.77335e-07	0.285714	0.357143	1.2	1.91872e-07
1.505	2.12071e-07	0.285714	0.357143	1.2	6.00741e-08
1.506	6.63987e-08	0.285714	0.357143	1.2	1.88089e-08
1.507	2.07895e-08	0.285714	0.357143	1.2	5.88905e-09
1.508	6.50934e-09	0.285714	0.357143	1.2	1.84389e-09
1.509	2.03815e-09	0.285714	0.357143	1.2	5.7734e-10
1.51	6.38174e-10	0.285714	0.357143	1.2	1.80773e-10
1.511	1.99823e-10	0.285714	0.357143	1.2	5.66029e-11
1.512	6.25679e-11	0.285714	0.357143	1.2	1.77233e-11
1.513	1.95911e-11	0.285714	0.357143	1.2	5.54951e-12
1.514	6.1343e-12	0.285714	0.357143	1.2	1.73761e-12
1.515	1.9208e-12	0.285714	0.357143	1.2	5.44144e-13
1.516	6.01326e-13	0.285714	0.357143	1.2	1.70371e-13
1.517	1.88198e-13	0.285714	0.357143	1.2	5.32547e-14
1.518	5.90626e-14	0.285714	0.357143	1.2	1.67374e-14
1.519	1.84765e-14	0.285714	0.357143	1.2	5.22094e-15
1.52	5.81641e-15	0.285714	0.357143	1.2	1.64402e-15
1.521	1.82987e-15	0.285714	0.357143	1.2	5.2262e-16
1.522	5.62584e-16	0.285714	0.357143	1.2	1.81883e-16
1.523	1.21541e-16	0.285714	0.357143	1.2	3.80119e-17
1.524	2.93674e-17	0.285714	0.357143	1.2	9.09544e-18
1.525	7.31217e-18	0.285714	0.357143	1.2	2.2781e-18
1.526	1.78807e-18	0.285714	0.357143	1.2	5.5789e-19
1.527	4.35256e-19	0.285714	0.357143	1.2	1.35912e-19
1.528	1.05687e-19	0.285714	0.357143	1.2	3.29801e-20
1.529	2.57143e-20	0.285714	0.357143	1.2	8.01949e-21
1.53	6.26806e-21	0.285714	0.357143	1.2	1.95481e-21
1.531	1.52791e-21	0.285714	0.357143	1.2	4.76664e-22
1.532	3.72056e-22	0.285714	0.357143	1.2	1.16097e-22
1.533	9.05362e-23	0.285714	0.357143	1.2	2.82499e-23
1.534	2.20339e-23	0.285714	0.357143	1.2	6.87372e-24
1.535	5.36596e-24	0.285714	0.357143	1.2	1.67353e-24
1.536	1.30786e-24	0.285714	0.357143	1.2	4.07794e-25
1.537	3.1901e-25	0.285714	0.357143	1.2	9.94468e-26
1.538	7.78647e-26	0.285714	0.357143	1.2	2.42684e-26
1.539	1.9017e-26	0.285714	0.357143	1.2	5.926e-27
1.54	4.64723e-27	0.285714	0.357143	1.2	1.44791e-27
1.541	1.13624e-27	0.285714	0.357143	1.2	3.53964e-28
1.542	2.77924e-28	0.285714	0.357143	1.2	8.65724e-29
1.543	6.79968e-29	0.285714	0.357143	1.2	2.11805e-29
1.544	1.66369e-29	0.285714	0.357143	1.2	5.18253e-30
1.545	4.06994e-30	0.285714	0.357143	1.2	1.26796e-30
1.546	9.95299e-31	0.285714	0.357143	1.2	3.10127e-31
1.547	2.4328e-31	0.285714	0.357143	1.2	7.58182e-32
1.548	5.94307e-32	0.285714	0.357143	1.2	1.85251e-32
1.549	1.45096e-32	0.285714	0.357143	1.2	4.52362e-33
1.55	3.54044e-33	0.285714	0.357143	1.2	1.10397e-33
1.551	8.63459e-34	0.285714	0.357143	1.2	2.69276e-34
1.552	2.10499e-34	0.285714	0.357143	1.2	6.56522e-35
1.553	5.1301e-35	0.285714	0.357143	1.2	1.60013e-35
1.554	1.24999e-35	0.285714	0.357143	1.2	3.89902e-36
1.555	3.04531e-36	0.285714	0.357143	1.2	9.49924e-37
1.556	7.41864e-37	0.285714	0.357143	1.2	2.31411e-37
1.557	1.80721e-37	0.285714	0.357143	1.2	5.63724e-38
1.558	4.40255e-38	0.285714	0.357143	1.2	1.37326e-38
1.559	1.07256e-38	0.285714	0.357143	1.2	3.3455e-39
1.56	2.61319e-39	0.285714	0.357143	1.2	8.15075e-40
1.561	6.36741e-40	0.285714	0.357143	1.2	1.98597e-40
1.562	1.55168e-40	0.285714	0.357143	1.2	4.83944e-41
1.563	3.78178e-41	0.285714	0.357143	1.2	1.17942e-41
1.564	9.21827e-42	0.285714	0.357143	1.2	2.87477e-42
1.565	2.24733e-42	0.285714	0.357143	1.2	7.00807e-43
1.566	5.47966e-43	0.285714	0.357143	1.2	1.70868e-43
1.567	1.33632e-43	0.285714	0.357143	1.2	4.16673e-44
1.568	3.25941e-44	0.285714	0.357143	1.2	1.01625e-44
1.569	7.95132e-45	0.285714	0.357143	1.2	2.47901e-45
1.57	1.94003e-45	0.285714	0.357143	1.2	6.04822e-46
1.571	4.73417e-46	0.285714	0.357143	1.2	1.47585e-46
1.572	1.15542e-46	0.285714	0.357143	1.2	3.60182e-47
1.573	2.82025e-47	0.285714	0.357143	1.2	8.79134e-48
1.574	6.88462e-48	0.285714	0.357143	1.2	2.14603e-48
1.575	1.68077e-48	0.285714	0.357143	1.2	5.23909e-49
1.576	4.10354e-49	0.285714	0.357143	1.2	1.2791e-49
1.577	1.0019e-49	0.285714	0.357143	1.2	3.12297e-50
1.578	2.44621e-50	0.285714	0.357143	1.2	7.62499e-51
1.579	5.97252e-51	0.285714	0.357143	1.2	1.86169e-51
1.58	1.45816e-51	0.285714	0.357143	1.2	4.5453e-52
1.581	3.55984e-52	0.285714	0.357143	1.2	1.10968e-52
1.582	8.69013e-53	0.285714	0.357143	1.2	2.70897e-53
1.583	2.12123e-53	0.285714	0.357143	1.2	6.61268e-54
1.584	5.17739e-54	0.285714	0.357143	1.2	1.61404e-54
1.585	1.26355e-54	0.285714	0.357143	1.2	3.93922e-55
1.586	3.08345e-55	0.285714	0.357143	1.2	9.61315e-56
1.587	7.52388e-56	0.285714	0.357143	1.2	2.34575e-56
1.588	1.83574e-56	0.285714	0.357143	1.2	5.72349e-57
1.589	4.47865e-57	0.285714	0.357143	1.2	1.39639e-57
1.59	1.09259e-57	0.285714	0.357143	1.2	3.40661e-58
1.591	2.66529e-58	0.285714	0.357143	1.2	8.31027e-59
1.592	6.50157e-59	0.285714	0.357143	1.2	2.02718e-59
1.593	1.58593e-59	0.285714	0.357143	1.2	4.9449e-60
1.594	3.86857e-60	0.285714	0.357143	1.2	1.20621e-60
1.595	9.43677e-61	0.285714	0.357143	1.2	2.94232e-61
1.596	2.30203e-61	0.285714	0.357143	1.2	7.17745e-62
1.597	5.61589e-62	0.285714	0.357143	1.2	1.75093e-62
1.598	1.37011e-62	0.285714	0.357143	1.2	4.27164e-63
1.599	3.3429e-63	0.285714	0.357143	1.2	1.0422e-63
1.6	8.15697e-64	0.285714	0.357143	1.2	2.54298e-64
1.601	1.99056e-64	0.285714	0.357143	1.2	6.20549e-65
1.602	4.85811e-65	0.285714	0.357143	1.2	1.51444e-65
1.603	1.18578e-65	0.285714	0.357143	1.2	3.69637e-66
1.604	2.8946e-66	0.285714	0.357143	1.2	9.02286e-67
1.605	7.06677e-67	0.285714	0.357143	1.2	2.20273e-67
1.606	1.72543e-67	0.285714	0.357143	1.2	5.37804e-68
1.607	4.21328e-68	0.285714	0.357143	1.2	1.31321e-68
1.608	1.02893e-68	0.285714	0.357143	1.2	3.20689e-69
1.609	2.51298e-69	0.285714	0.357143	1.2	7.83207e-70
1.61	6.13801e-70	0.285714	0.357143	1.2	1.91296e-70
1.611	1.49933e-70	0.285714	0.357143	1.2	4.67269e-71
1.612	3.66266e-71	0.285714	0.357143	1.2	1.14145e-71
1.613	8.94784e-72	0.285714	0.357143	1.2	2.78852e-72
1.614	2.18605e-72	0.285714	0.357143	1.2	6.81255e-73
1.615	5.34091e-73	0.285714	0.357143	1.2	1.66442e-73
1.616	1.30492e-73	0.285714	0.357143	1.2	4.06656e-74
1.617	3.1883e-74	0.285714	0.357143	1.2	9.93577e-75
1.618	7.79007e-75	0.285714	0.357143	1.2	2.42763e-75
1.619	1.90339e-75	0.285714	0.357143	1.2	5.93153e-76
1.62	4.65065e-76	0.285714	0.357143	1.2	1.44929e-76
1.621	1.13632e-76	0.285714	0.357143	1.2	3.54113e-77
1.622	2.77645e-77	0.285714	0.357143	1.2	8.65226e-78
1.623	6.7839e-78	0.285714	0.357143	1.2	2.11407e-78
1.624	1.65757e-78	0.285714	0.357143	1.2	5.16546e-79
1.625	4.05011e-79	0.285714	0.357143	1.2	1.26212e-79
1.626	9.89618e-80	0.285714	0.357143	1.2	3.0839e-80
1.627	2.41811e-80	0.285714	0.357143	1.2	7.5354e-81
1.628	5.90878e-81	0.285714	0.357143	1.2	1.84129e-81
1.629	1.44389e-81	0.285714	0.357143	1.2	4.49937e-82
1.63	3.52847e-82	0.285714	0.357143	1.2	1.09951e-82
1.631	8.62307e-83	0.285714	0.357143	1.2	2.68699e-83
1.632	2.10747e-83	0.285714	0.357143	1.2	6.56684e-84
1.633	5.15098e-84	0.285714	0.357143	1.2	1.605e-84
1.634	1.25907e-84	0.285714	0.357143	1.2	3.92304e-85
1.635	3.07781e-85	0.285714	0.357143	1.2	9.58967e-86
1.636	7.52438e-86	0.285714	0.357143	1.2	2.34434e-86
1.637	1.83966e-86	0.285714	0.357143	1.2	5.73158e-87
1.638	4.49826e-87	0.285714	0.357143	1.2	1.40142e-87
1.639	1.1e-87	0.285714	0.357143	1.2	3.42691e-88
1.64	2.69018e-88	0.285714	0.357143	1.2	8.38066e-89
1.641	6.57978e-89	0.285714	0.357143	1.2	2.04972e-89
1.642	1.60947e-89	0.285714	0.357143	1.2	5.01364e-90
1.643	3.93726e-90	0.285714	0.357143	1.2	1.22646e-90
1.644	9.63264e-91	0.285714	0.357143	1.2	3.00048e-91
1.645	2.35686e-91	0.285714	0.357143	1.2	7.34121e-92
1.646	5.76711e-92	0.285714	0.357143	1.2	1.79631e-92
1.647	1.41129e-92	0.285714	0.357143	1.2	4.39572e-93
1.648	3.4539e-93	0.285714	0.357143	1.2	1.07575e-93
1.649	8.45339e-94	0.285714	0.357143	1.2	2.63284e-94
1.65	2.0691e-94	0.285714	0.357143	1.2	6.44415e-95
1.651	5.06473e-95	0.285714	0.357143	1.2	1.57737e-95
1.652	1.23981e-95	0.285714	0.357143	1.2	3.86123e-96
1.653	3.03512e-96	0.285714	0.357143	1.2	9.45235e-97
1.654	7.43043e-97	0.285714	0.357143	1.2	2.31405e-97
1.655	1.81915e-97	0.285714	0.357143	1.2	5.66531e-98
1.656	4.45386e-98	0.285714	0.357143	1.2	1.38704e-98
1.657	1.09048e-98	0.285714	0.357143	1.2	3.39598e-99
1.658	2.66995e-99	0.285714	0.357143	1.2	8.31476e-100
1.659	6.53723e-100	0.285714	0.357143	1.2	2.03583e-100
1.66	1.60061e-100	0.285714	0.357143	1.2	4.98465e-101
1.661	3.919e-101	0.285714	0.357143	1.2	1.22047e-101
1.662	9.59528e-102	0.285714	0.357143	1.2	2.98822e-102
1.663	2.34924e-102	0.285714	0.357143	1.2	7.31624e-103
1.664	5.75148e-103	0.285714	0.357143	1.2	1.79121e-103
1.665	1.40802e-103	0.285714	0.357143	1.2	4.38516e-104
1.666	3.44671e-104	0.285714	0.357143	1.2	1.07348e-104
1.667	8.43652e-105	0.285714	0.357143	1.2	2.62766e-105
1.668	2.06479e-105	0.285714	0.357143	1.2	6.43131e-106
1.669	5.05279e-106	0.285714	0.357143	1.2	1.5739e-106
1.67	1.23629e-106	0.285714	0.357143	1.2	3.85116e-107
1.671	3.02437e-107	0.285714	0.357143	1.2	9.42179e-108
1.672	7.39708e-108	0.285714	0.357143	1.2	2.30458e-108
1.673	1.80878e-108	0.285714	0.357143	1.2	5.63576e-109
1.674	4.42176e-109	0.285714	0.357143	1.2	1.37786e-109
1.675	1.08063e-109	0.285714	0.357143	1.2	3.3677e-110
1.676	2.6401e-110	0.285714	0.357143	1.2	8.2286e-111
1.677	6.44769e-111	0.285714	0.357143	1.2	2.00986e-111
1.678	1.57404e-111	0.285714	0.357143	1.2	4.90725e-112
1.679	3.84095e-112	0.285714	0.357143	1.2	1.19764e-112
1.68	9.36817e-113	0.285714	0.357143	1.2	2.92157e-113
1.681	2.28375e-113	0.285714	0.357143	1.2	7.1234e-114
1.682	5.5642e-114	0.285714	0.357143	1.2	1.7359e-114
1.683	1.35487e-114	0.285714	0.357143	1.2	4.22774e-115
1.684	3.297e-115	0.285714	0.357143	1.2	1.02902e-115
1.685	8.01762e-116	0.285714	0.357143	1.2	2.50294e-116
1.686	1.94832e-116	0.285714	0.357143	1.2	6.08374e-117
1.687	4.7309e-117	0.285714	0.357143	1.2	1.47763e-117
1.688	1.14784e-117	0.285714	0.357143	1.2	3.58608e-118
1.689	2.78259e-118	0.285714	0.357143	1.2	8.69584e-119
1.69	6.73958e-119	0.285714	0.357143	1.2	2.10681e-119
1.691	1.63085e-119	0.285714	0.357143	1.2	5.09964e-120
1.692	3.94252e-120	0.285714	0.357143	1.2	1.23322e-120
1.693	9.52127e-121	0.285714	0.357143	1.2	2.97924e-121
1.694	2.29699e-121	0.285714	0.357143	1.2	7.18987e-122
1.695	5.53542e-122	0.285714	0.357143	1.2	1.73328e-122
1.696	1.33245e-122	0.285714	0.357143	1.2	4.17377e-123
1.697	3.20363e-123	0.285714	0.357143	1.2	1.00389e-123
1.698	7.69323e-124	0.285714	0.357143	1.2	2.4117e-124
1.699	1.84516e-124	0.285714	0.357143	1.2	5.78663e-125
1.7	4.41981e-125	0.285714	0.357143	1.2	1.38667e-125
1.701	1.0573e-125	0.285714	0.357143	1.2	3.3186e-126
1.702	2.52584e-126	0.285714	0.357143	1.2	7.93143e-127
1.703	6.02572e-127	0.285714	0.357143	1.2	1.89299e-127
1.704	1.43547e-127	0.285714	0.357143	1.2	4.5116e-128
1.705	3.41464e-128	0.285714	0.357143	1.2	1.0737e-128
1.706	8.1105e-129	0.285714	0.357143	1.2	2.55148e-129
1.707	1.92348e-129	0.285714	0.357143	1.2	6.05401e-130
1.708	4.55464e-130	0.285714	0.357143	1.2	1.43424e-130
1.709	1.07679e-130	0.285714	0.357143	1.2	3.39248e-131
1.71	2.5416e-131	0.285714	0.357143	1.2	8.01147e-132
1.711	5.98917e-132	0.285714	0.357143	1.2	1.88885e-132
1.712	1.40896e-132	0.285714	0.357143	1.2	4.44587e-133
1.713	3.30898e-133	0.285714	0.357143	1.2	1.04467e-133
1.714	7.75777e-134	0.285714	0.357143	1.2	2.45051e-134
1.715	1.81559e-134	0.285714	0.357143	1.2	5.73817e-135
1.716	4.24154e-135	0.285714	0.357143	1.2	1.34128e-135
1.717	9.89111e-136	0.285714	0.357143	1.2	3.12955e-136
1.718	2.30235e-136	0.285714	0.357143	1.2	7.28874e-137
1.719	5.34923e-137	0.285714	0.357143	1.2	1.69441e-137
1.72	1.2405e-137	0.285714	0.357143	1.2	3.93163e-138
1.721	2.87127e-138	0.285714	0.357143	1.2	9.10547e-139
1.722	6.63311e-139	0.285714	0.357143	1.2	2.10474e-139
1.723	1.52938e-139	0.285714	0.357143	1.2	4.85571e-140
1.724	3.51934e-140	0.285714	0.357143	1.2	1.11804e-140
1.725	8.08246e-141	0.285714	0.357143	1.2	2.5692e-141
1.726	1.85249e-141	0.285714	0.357143	1.2	5.8921e-142
1.727	4.23728e-142	0.285714	0.357143	1.2	1.34854e-142
1.728	9.67236e-143	0.285714	0.357143	1.2	3.08017e-143
1.729	2.20335e-143	0.285714	0.357143	1.2	7.02087e-144
1.73	5.00876e-144	0.285714	0.357143	1.2	1.597e-144
1.731	1.13623e-144	0.285714	0.357143	1.2	3.62503e-145
1.732	2.5721e-145	0.285714	0.357143	1.2	8.21111e-146
1.733	5.8101e-146	0.285714	0.357143	1.2	1.85596e-146
1.734	1.30963e-146	0.285714	0.357143	1.2	4.18607e-147
1.735	2.94562e-147	0.285714	0.357143	1.2	9.42123e-148
1.736	6.61089e-148	0.285714	0.357143	1.2	2.11576e-148
1.737	1.48045e-148	0.285714	0.357143	1.2	4.74106e-149
1.738	3.30805e-149	0.285714	0.357143	1.2	1.06006e-149
1.739	7.37543e-150	0.285714	0.357143	1.2	2.36495e-150
1.74	1.64073e-150	0.285714	0.357143	1.2	5.2644e-151
1.741	3.64177e-151	0.285714	0.357143	1.2	1.16924e-151
1.742	8.0651e-152	0.285714	0.357143	1.2	2.59108e-152
1.743	1.78207e-152	0.285714	0.357143	1.2	5.72895e-153
1.744	3.92871e-153	0.285714	0.357143	1.2	1.26381e-153
1.745	8.64138e-154	0.285714	0.357143	1.2	2.7816e-154
1.746	1.89635e-154	0.285714	0.357143	1.2	6.10818e-155
1.747	4.15194e-155	0.285714	0.357143	1.2	1.33822e-155
1.748	9.06936e-156	0.285714	0.357143	1.2	2.92506e-156
1.749	1.97648e-156	0.285714	0.357143	1.2	6.37869e-157
1.75	4.29725e-157	0.285714	0.357143	1.2	1.38776e-157
1.751	9.32119e-158	0.285714	0.357143	1.2	3.01215e-158
1.752	2.0171e-158	0.285714	0.357143	1.2	6.52255e-159
1.753	4.3547e-159	0.285714	0.357143	1.2	1.40906e-159
1.754	9.379e-160	0.285714	0.357143	1.2	3.03678e-160
1.755	2.01521e-160	0.285714	0.357143	1.2	6.52921e-161
1.756	4.31964e-161	0.285714	0.357143	1.2	1.40046e-161
1.757	9.23704e-162	0.285714	0.357143	1.2	2.99668e-162
1.758	1.97048e-162	0.285714	0.357143	1.2	6.39682e-163
1.759	4.19339e-163	0.285714	0.357143	1.2	1.3622e-163
1.76	8.90239e-164	0.285714	0.357143	1.2	2.89378e-164
1.761	1.88536e-164	0.285714	0.357143	1.2	6.13247e-165
1.762	3.98312e-165	0.285714	0.357143	1.2	1.29643e-165
1.763	8.39447e-166	0.285714	0.357143	1.2	2.73402e-166
1.764	1.76482e-166	0.285714	0.357143	1.2	5.75164e-167
1.765	3.70118e-167	0.285714	0.357143	1.2	1.20702e-167
1.766	7.74306e-168	0.285714	0.357143	1.2	2.5268e-168
1.767	1.61589e-168	0.285714	0.357143	1.2	5.2766e-169
1.768	3.36388e-169	0.285714	0.357143	1.2	1.09917e-169
1.769	6.98538e-170	0.285714	0.357143	1.2	2.284e-170
1.77	1.44698e-170	0.285714	0.357143	1.2	4.73423e-171
1.771	2.98986e-171	0.285714	0.357143	1.2	9.78861e-172
1.772	6.1625e-172	0.285714	0.357143	1.2	2.01887e-172
1.773	1.267e-172	0.285714	0.357143	1.2	4.15345e-173
1.774	2.59841e-173	0.285714	0.357143	1.2	8.52356e-174
1.775	5.31553e-174	0.285714	0.357143	1.2	1.74478e-174
1.776	1.08466e-174	0.285714	0.357143	1.2	3.5626e-175
1.777	2.20771e-175	0.285714	0.357143	1.2	7.25601e-176
1.778	4.48224e-176	0.285714	0.357143	1.2	1.47411e-176
1.779	9.07711e-177	0.285714	0.357143	1.2	2.98718e-177
1.78	1.83357e-177	0.285714	0.357143	1.2	6.03797e-178
1.781	3.69439e-178	0.285714	0.357143	1.2	1.21735e-178
1.782	7.42475e-179	0.285714	0.357143	1.2	2.44812e-179
1.783	1.48837e-179	0.285714	0.357143	1.2	4.91067e-180
1.784	2.97599e-180	0.285714	0.357143	1.2	9.82513e-181
1.785	5.93523e-181	0.285714	0.357143	1.2	1.96075e-181
1.786	1.18067e-181	0.285714	0.357143	1.2	3.90292e-182
1.787	2.34263e-182	0.285714	0.357143	1.2	7.74892e-183
1.788	4.63616e-183	0.285714	0.357143	1.2	1.53452e-183
1.789	9.1515e-184	0.285714	0.357143	1.2	3.03097e-184
1.79	1.80179e-184	0.285714	0.357143	1.2	5.97129e-185
1.791	3.53825e-185	0.285714	0.357143	1.2	1.17335e-185
1.792	6.93022e-186	0.285714	0.357143	1.2	2.29965e-186
1.793	1.35387e-186	0.285714	0.357143	1.2	4.49537e-187
1.794	2.638e-187	0.285714	0.357143	1.2	8.7647e-188
1.795	5.12672e-188	0.285714	0.357143	1.2	1.70441e-188
1.796	9.93732e-189	0.285714	0.357143	1.2	3.30581e-189
1.797	1.92115e-189	0.285714	0.357143	1.2	6.39504e-190
1.798	3.70438e-190	0.285714	0.357143	1.2	1.23387e-190
1.799	7.12408e-191	0.285714	0.357143	1.2	2.3744e-191
1.8	1.36647e-191	0.285714	0.357143	1.2	4.55717e-192
1.801	2.61411e-192	0.285714	0.357143	1.2	8.72351e-193
1.802	4.98772e-193	0.285714	0.357143	1.2	1.66548e-193
1.803	9.49144e-194	0.285714	0.357143	1.2	3.17132e-194
1.804	1.80141e-194	0.285714	0.357143	1.2	6.02266e-195
1.805	3.40987e-195	0.285714	0.357143	1.2	1.14073e-195
1.806	6.43741e-196	0.285714	0.357143	1.2	2.15489e-196
1.807	1.21207e-196	0.285714	0.357143	1.2	4.05985e-197
1.808	2.27607e-197	0.285714	0.357143	1.2	7.62845e-198
1.809	4.26269e-198	0.285714	0.357143	1.2	1.42956e-198
1.81	7.96197e-199	0.285714	0.357143	1.2	2.67181e-199
1.811	1.48318e-199	0.285714	0.357143	1.2	4.98017e-200
1.812	2.7555e-200	0.285714	0.357143	1.2	9.25801e-201
1.813	5.10552e-201	0.285714	0.357143	1.2	1.71642e-201
1.814	9.43432e-202	0.285714	0.357143	1.2	3.17365e-202
1.815	1.73864e-202	0.285714	0.357143	1.2	5.85224e-203
1.816	3.19549e-203	0.285714	0.357143	1.2	1.07625e-203
1.817	5.85718e-204	0.285714	0.357143	1.2	1.97392e-204
1.818	1.07069e-204	0.285714	0.357143	1.2	3.6105e-205
1.819	1.95192e-205	0.285714	0.357143	1.2	6.58608e-206
1.82	3.54877e-206	0.285714	0.357143	1.2	1.19814e-206
1.821	6.43448e-207	0.285714	0.357143	1.2	2.17372e-207
1.822	1.1635e-207	0.285714	0.357143	1.2	3.93293e-208
1.823	2.09812e-208	0.285714	0.357143	1.2	7.09647e-209
1.824	3.7732e-209	0.285714	0.357143	1.2	1.27697e-209
1.825	6.76705e-210	0.285714	0.357143	1.2	2.29156e-210
1.826	1.21032e-210	0.285714	0.357143	1.2	4.101e-211
1.827	2.15877e-211	0.285714	0.357143	1.2	7.31906e-212
1.828	3.83988e-212	0.285714	0.357143	1.2	1.30265e-212
1.829	6.81138e-213	0.285714	0.357143	1.2	2.31207e-213
1.83	1.20491e-213	0.285714	0.357143	1.2	4.09239e-214
1.831	2.12556e-214	0.285714	0.357143	1.2	7.22361e-215
1.832	3.73932e-215	0.285714	0.357143	1.2	1.27154e-215
1.833	6.56009e-216	0.285714	0.357143	1.2	2.23204e-216
1.834	1.14768e-216	0.285714	0.357143	1.2	3.90723e-217
1.835	2.00229e-217	0.285714	0.357143	1.2	6.82071e-218
1.836	3.48358e-218	0.285714	0.357143	1.2	1.18736e-218
1.837	6.04388e-219	0.285714	0.357143	1.2	2.06123e-219
1.838	1.04567e-219	0.285714	0.357143	1.2	3.56827e-220
1.839	1.8041e-220	0.285714	0.357143	1.2	6.15993e-221
1.84	3.10393e-221	0.285714	0.357143	1.2	1.06042e-221
1.841	5.32534e-222	0.285714	0.357143	1.2	1.8204e-222
1.842	9.11101e-223	0.285714	0.357143	1.2	3.11629e-223
1.843	1.55441e-223	0.285714	0.357143	1.2	5.31971e-224
1.844	2.64451e-224	0.285714	0.357143	1.2	9.0556e-225
1.845	4.48645e-225	0.285714	0.357143	1.2	1.53718e-225
1.846	7.58991e-226	0.285714	0.357143	1.2	2.602e-226
1.847	1.2804e-226	0.285714	0.357143	1.2	4.39202e-227
1.848	2.15391e-227	0.285714	0.357143	1.2	7.39254e-228
1.849	3.6131e-228	0.285714	0.357143	1.2	1.24078e-228
1.85	6.04372e-229	0.285714	0.357143	1.2	2.07666e-229
1.851	1.00808e-229	0.285714	0.357143	1.2	3.46581e-230
1.852	1.6767e-230	0.285714	0.357143	1.2	5.7678e-231
1.853	2.78088e-231	0.285714	0.357143	1.2	9.57151e-232
1.854	4.59908e-232	0.285714	0.357143	1.2	1.58385e-232
1.855	7.58444e-233	0.285714	0.357143	1.2	2.61343e-233
1.856	1.2472e-233	0.285714	0.357143	1.2	4.3e-234
1.857	2.04508e-234	0.285714	0.357143	1.2	7.0548e-235
1.858	3.34381e-235	0.285714	0.357143	1.2	1.15414e-235
1.859	5.45168e-236	0.285714	0.357143	1.2	1.88274e-236
1.86	8.86286e-237	0.285714	0.357143	1.2	3.06249e-237
1.861	1.43672e-237	0.285714	0.357143	1.2	4.96722e-238
1.862	2.32232e-238	0.285714	0.357143	1.2	8.03347e-239
1.863	3.74302e-239	0.285714	0.357143	1.2	1.29552e-239
1.864	6.01552e-240	0.285714	0.357143	1.2	2.08322e-240
1.865	9.63989e-241	0.285714	0.357143	1.2	3.3402e-241
1.866	1.54034e-241	0.285714	0.357143	1.2	5.34018e-242
1.867	2.45419e-242	0.285714	0.357143	1.2	8.51304e-243
1.868	3.89891e-243	0.285714	0.357143	1.2	1.35318e-243
1.869	6.17619e-244	0.285714	0.357143	1.2	2.14472e-244
1.87	9.75528e-245	0.285714	0.357143	1.2	3.38942e-245
1.871	1.53638e-245	0.285714	0.357143	1.2	5.34095e-246
1.872	2.41265e-246	0.285714	0.357143	1.2	8.39171e-247
1.873	3.77771e-247	0.285714	0.357143	1.2	1.31467e-247
1.874	5.8979e-248	0.285714	0.357143	1.2	2.05362e-248
1.875	9.18122e-249	0.285714	0.357143	1.2	3.19858e-249
1.876	1.42507e-249	0.285714	0.357143	1.2	4.96737e-250
1.877	2.20549e-250	0.285714	0.357143	1.2	7.69177e-251
1.878	3.40331e-251	0.285714	0.357143	1.2	1.18756e-251
1.879	5.23634e-252	0.285714	0.357143	1.2	1.82815e-252
1.88	8.03307e-253	0.285714	0.357143	1.2	2.80606e-253
1.881	1.22874e-253	0.285714	0.357143	1.2	4.29444e-254
1.882	1.87398e-254	0.285714	0.357143	1.2	6.55299e-255
1.883	2.84966e-255	0.285714	0.357143	1.2	9.97002e-256
1.884	4.32058e-256	0.285714	0.357143	1.2	1.51242e-256
1.885	6.53148e-257	0.285714	0.357143	1.2	2.28755e-257
1.886	9.84466e-258	0.285714	0.357143	1.2	3.44974e-258
1.887	1.47947e-258	0.285714	0.357143	1.2	5.18704e-259
1.888	2.21682e-259	0.285714	0.357143	1.2	7.77623e-260
1.889	3.31183e-260	0.285714	0.357143	1.2	1.16234e-260
1.89	4.9331e-261	0.285714	0.357143	1.2	1.73225e-261
1.891	7.32629e-262	0.285714	0.357143	1.2	2.57394e-262
1.892	1.08482e-262	0.285714	0.357143	1.2	3.81326e-263
1.893	1.60156e-263	0.285714	0.357143	1.2	5.63255e-264
1.894	2.35742e-264	0.285714	0.357143	1.2	8.29508e-265
1.895	3.45968e-265	0.285714	0.357143	1.2	1.21799e-265
1.896	5.06223e-266	0.285714	0.357143	1.2	1.78307e-266
1.897	7.38501e-267	0.285714	0.357143	1.2	2.60256e-267
1.898	1.07415e-267	0.285714	0.357143	1.2	3.78733e-268
1.899	1.55767e-268	0.285714	0.357143	1.2	5.49499e-269
1.9	2.25211e-269	0.285714	0.357143	1.2	7.94877e-270
1.901	3.2464e-270	0.285714	0.357143	1.2	1.14639e-270
1.902	4.66565e-271	0.285714	0.357143	1.2	1.64839e-271
1.903	6.68525e-272	0.285714	0.357143	1.2	2.3631e-272
1.904	9.55031e-273	0.285714	0.357143	1.2	3.37753e-273
1.905	1.36022e-273	0.285714	0.357143	1.2	4.81293e-274
1.906	1.9315e-274	0.285714	0.357143	1.2	6.83771e-275
1.907	2.73445e-275	0.285714	0.357143	1.2	9.68504e-276
1.908	3.85953e-276	0.285714	0.357143	1.2	1.36767e-276
1.909	5.43107e-277	0.285714	0.357143	1.2	1.92552e-277
1.91	7.61944e-278	0.285714	0.357143	1.2	2.70271e-278
1.911	1.06573e-278	0.285714	0.357143	1.2	3.78212e-279
1.912	1.48611e-279	0.285714	0.357143	1.2	5.2766e-280
1.913	2.06604e-280	0.285714	0.357143	1.2	7.33929e-281
1.914	2.86356e-281	0.285714	0.357143	1.2	1.01773e-281
1.915	3.95688e-282	0.285714	0.357143	1.2	1.407e-282
1.916	5.45102e-283	0.285714	0.357143	1.2	1.93922e-283
1.917	7.48649e-284	0.285714	0.357143	1.2	2.66464e-284
1.918	1.02507e-284	0.285714	0.357143	1.2	3.65027e-285
1.919	1.39927e-285	0.285714	0.357143	1.2	4.9852e-286
1.92	1.90424e-286	0.285714	0.357143	1.2	6.78753e-287
1.921	2.58352e-287	0.285714	0.357143	1.2	9.21321e-288
1.922	3.49439e-288	0.285714	0.357143	1.2	1.24675e-288
1.923	4.71193e-289	0.285714	0.357143	1.2	1.68195e-289
1.924	6.33419e-290	0.285714	0.357143	1.2	2.2621e-290
1.925	8.48883e-291	0.285714	0.357143	1.2	3.03302e-291
1.926	1.13414e-291	0.285714	0.357143	1.2	4.05416e-292
1.927	1.5106e-292	0.285714	0.357143	1.2	5.40242e-293
1.928	2.00581e-293	0.285714	0.357143	1.2	7.17685e-294
1.929	2.65515e-294	0.285714	0.357143	1.2	9.50469e-295
1.93	3.50385e-295	0.285714	0.357143	1.2	1.25487e-295
1.931	4.60953e-296	0.285714	0.357143	1.2	1.65163e-296
1.932	6.04535e-297	0.285714	0.357143	1.2	2.16711e-297
1.933	7.90385e-298	0.285714	0.357143	1.2	2.83466e-298
1.934	1.03016e-298	0.285714	0.357143	1.2	3.69633e-299
1.935	1.33851e-299	0.285714	0.357143	1.2	4.80495e-300
1.936	1.73375e-300	0.285714	0.357143	1.2	6.22665e-301
1.937	2.23871e-301	0.285714	0.357143	1.2	8.04388e-302
1.938	2.88172e-302	0.285714	0.357143	1.2	1.03591e-302
1.939	3.69785e-303	0.285714	0.357143	1.2	1.32989e-303
1.94	4.73029e-304	0.285714	0.357143	1.2	1.70198e-304
1.941	6.03206e-305	0.285714	0.357143	1.2	2.17136e-305
1.942	7.66798e-306	0.285714	0.357143	1.2	2.7615e-306
1.943	9.71702e-307	0.285714	0.357143	1.2	3.50102e-307
1.944	1.22749e-307	0.285714	0.357143	1.2	4.42465e-308
1.945	1.54575e-308	0.285714	0.357143	1.2	5.57436e-309
1.946	1.94039e-309	0.285714	0.357143	1.2	7.0007e-310
1.947	2.42812e-310	0.285714	0.357143	1.2	8.76431e-311
1.948	3.02885e-311	0.285714	0.357143	1.2	1.09376e-311
1.949	3.76628e-312	0.285714	0.357143	1.2	1.36066e-312
1.95	4.66843e-313	0.285714	0.357143	1.2	1.68735e-313
1.951	5.76836e-314	0.285714	0.357143	1.2	2.08583e-314
1.952	7.10485e-315	0.285714	0.357143	1.2	2.57026e-315
1.953	8.72306e-316	0.285714	0.357143	1.2	3.15714e-316
1.954	1.06742e-316	0.285714	0.357143	1.2	3.86569e-317
1.955	1.30038e-317	0.285714	0.357143	1.2	4.71231e-318
1.956	1.57706e-318	0.285714	0.357143	1.2	5.76204e-319
1.957	1.7984e-319	0.285714	0.357143	1.2	6.84577e-320
1.958	1.38338e-320	0.285714	0.357143	1.2	5.70646e-321
1.959	0	0.285714	0.357143	1.2	0
1.96	0	0.285714	0.357143	1.2	0
1.961	0	0.285714	0.357143	1.2	0
1.962	0	0.285714	0.357143	1.2	0
1.963	0	0.285714	0.357143	1.2	0
1.964	0	0.285714	0.357143	1.2	0
1.965	0	0.285714	0.357143	1.2	0
1.966	0	0.285714	0.357143	1.2	0
1.967	0	0.285714	0.357143	1.2	0
1.968	0	0.285714	0.357143	1.2	0
1.969	0	0.285714	0.357143	1.2	0
1.97	0	0.285714	0.357143	1.2	0
1.971	0	0.285714	0.357143	1.2	0
1.972	0	0.285714	0.357143	1.2	0
1.973	0	0.285714	0.357143	1.2	0
1.974	0	0.285714	0.357143	1.2	0
1.975	0	0.285714	0.357143	1.2	0
1.976	0	0.285714	0.357143	1.2	0
1.977	0	0.285714	0.357143	1.2	0
1.978	0	0.285714	0.357143	1.2	0
1.979	0	0.285714	0.357143	1.2	0
1.98	0	0.285714	0.357143	1.2	0
1.981	0	0.285714	0.357143	1.2	0
1.982	0	0.285714	0.357143	1.2	0
1.983	0	0.285714	0.357143	1.2	0
1.984	0	0.285714	0.357143	1.2	0
1.985	0	0.285714	0.357143	1.2	0
1.986	0	0.285714	0.357143	1.2	0
1.987	0	0.285714	0.357143	1.2	0
1.988	0	0.285714	0.357143	1.2	0
1.989	0	0.285714	0.357143	1.2	0
1.99	0	0.285714	0.357143	1.2	0
1.991	0	0.285714	0.357143	1.2	0
1.992	0	0.285714	0.357143	1.2	0
1.993	0	0.285714	0.357143	1.2	0
1.994	0	0.285714	0.357143	1.2	0
1.995	0	0.285714	0.357143	1.2	0
1.996	0	0.285714	0.357143	1.2	0
1.997	0	0.285714	0.357143	1.2	0
1.998	0	0.285714	0.357143	1.2	0
1.999	0	0.285714	0.357143	1.2	0
