X:	U:	P:	RO:	E:	Q:
-0.694002	-0.696157	1	1.9663	1.27143	9.16423e-09
-0.691968	-0.696157	1	1.93623	1.29117	1.48376e-08
-0.689902	-0.696157	1	1.92346	1.29974	1.48041e-08
-0.687823	-0.696157	1	1.91634	1.30457	7.50609e-09
-0.685735	-0.696157	1	1.91177	1.30769	0
-0.683643	-0.696157	1	1.90858	1.30988	0
-0.681547	-0.696157	1.00001	1.90622	1.3115	0
-0.679449	-0.696157	1.00001	1.9044	1.31276	0
-0.677349	-0.696157	1.00001	1.90295	1.31376	0
-0.675247	-0.696157	1.00001	1.90177	1.31458	0
-0.673143	-0.696157	1.00001	1.90079	1.31526	0
-0.671039	-0.696157	1.00001	1.89995	1.31584	0
-0.668934	-0.696157	1.00001	1.89924	1.31633	0
-0.666827	-0.696157	1.00001	1.89862	1.31676	0
-0.664721	-0.696156	1.00001	1.89807	1.31714	0
-0.662613	-0.696156	1.00001	1.8976	1.31747	0
-0.660505	-0.696156	1.00001	1.89717	1.31777	0
-0.658397	-0.696156	1.00001	1.89679	1.31804	0
-0.656288	-0.696156	1.00001	1.89644	1.31828	0
-0.654179	-0.696156	1.00002	1.89613	1.31849	0
-0.652069	-0.696156	1.00002	1.89585	1.31869	0
-0.649959	-0.696156	1.00002	1.89559	1.31887	0
-0.647849	-0.696156	1.00002	1.89535	1.31904	0
-0.645739	-0.696156	1.00002	1.89513	1.31919	0
-0.643628	-0.696156	1.00002	1.89493	1.31933	0
-0.641517	-0.696156	1.00002	1.89474	1.31947	0
-0.639406	-0.696156	1.00002	1.89457	1.31959	0
-0.637295	-0.696156	1.00002	1.89441	1.3197	0
-0.635183	-0.696156	1.00002	1.89426	1.31981	0
-0.633072	-0.696156	1.00002	1.89412	1.31991	0
-0.63096	-0.696156	1.00002	1.89398	1.32	0
-0.628848	-0.696156	1.00002	1.89386	1.32009	0
-0.626736	-0.696156	1.00003	1.89374	1.32017	0
-0.624624	-0.696155	1.00003	1.89363	1.32025	0
-0.622511	-0.696155	1.00003	1.89352	1.32032	0
-0.620399	-0.696155	1.00003	1.89343	1.32039	1.36425e-08
-0.618286	-0.696155	1.00003	1.89333	1.32046	0
-0.616174	-0.696155	1.00003	1.89324	1.32052	1.35806e-08
-0.614061	-0.696155	1.00003	1.89316	1.32058	0
-0.611948	-0.696155	1.00003	1.89308	1.32064	0
-0.609835	-0.696155	1.00003	1.893	1.3207	0
-0.607722	-0.696155	1.00003	1.89293	1.32075	0
-0.605609	-0.696155	1.00003	1.89286	1.3208	0
-0.603496	-0.696155	1.00003	1.89279	1.32085	0
-0.601382	-0.696154	1.00003	1.89273	1.32089	0
-0.599269	-0.696154	1.00004	1.89267	1.32093	0
-0.597156	-0.696154	1.00004	1.89261	1.32098	0
-0.595042	-0.696154	1.00004	1.89255	1.32102	0
-0.592929	-0.696154	1.00004	1.8925	1.32105	0
-0.590815	-0.696154	1.00004	1.89245	1.32109	0
-0.588701	-0.696154	1.00004	1.8924	1.32113	0
-0.586588	-0.696154	1.00004	1.89235	1.32116	0
-0.584474	-0.696153	1.00004	1.8923	1.3212	0
-0.58236	-0.696153	1.00004	1.89226	1.32123	0
-0.580246	-0.696153	1.00004	1.89222	1.32126	0
-0.578132	-0.696153	1.00004	1.89218	1.32129	0
-0.576018	-0.696153	1.00004	1.89214	1.32132	9.21182e-09
-0.573904	-0.696153	1.00005	1.8921	1.32134	0
-0.57179	-0.696153	1.00005	1.89206	1.32137	0
-0.569676	-0.696153	1.00005	1.89203	1.3214	0
-0.567562	-0.696152	1.00005	1.89199	1.32142	0
-0.565448	-0.696152	1.00005	1.89196	1.32145	0
-0.563333	-0.696152	1.00005	1.89193	1.32147	0
-0.561219	-0.696152	1.00005	1.89189	1.32149	0
-0.559105	-0.696152	1.00005	1.89186	1.32152	0
-0.556991	-0.696152	1.00005	1.89183	1.32154	0
-0.554876	-0.696152	1.00005	1.8918	1.32156	0
-0.552762	-0.696151	1.00005	1.89178	1.32158	0
-0.550647	-0.696151	1.00005	1.89175	1.3216	0
-0.548533	-0.696151	1.00006	1.89172	1.32162	0
-0.546419	-0.696151	1.00006	1.8917	1.32164	0
-0.544304	-0.696151	1.00006	1.89167	1.32166	0
-0.54219	-0.69615	1.00006	1.89165	1.32167	0
-0.540075	-0.69615	1.00006	1.89163	1.32169	0
-0.53796	-0.69615	1.00006	1.8916	1.32171	0
-0.535846	-0.69615	1.00006	1.89158	1.32173	0
-0.533731	-0.69615	1.00006	1.89156	1.32174	0
-0.531617	-0.69615	1.00006	1.89154	1.32176	0
-0.529502	-0.696149	1.00006	1.89152	1.32177	1.66659e-08
-0.527387	-0.696149	1.00006	1.8915	1.32179	0
-0.525272	-0.696149	1.00006	1.89148	1.3218	0
-0.523158	-0.696149	1.00007	1.89146	1.32182	0
-0.521043	-0.696149	1.00007	1.89144	1.32183	0
-0.518928	-0.696148	1.00007	1.89142	1.32184	0
-0.516813	-0.696148	1.00007	1.89141	1.32186	0
-0.514698	-0.696148	1.00007	1.89139	1.32187	0
-0.512584	-0.696148	1.00007	1.89137	1.32188	0
-0.510469	-0.696147	1.00007	1.89136	1.3219	0
-0.508354	-0.696147	1.00007	1.89134	1.32191	0
-0.506239	-0.696147	1.00007	1.89133	1.32192	0
-0.504124	-0.696147	1.00007	1.89131	1.32193	0
-0.502009	-0.696147	1.00007	1.8913	1.32194	0
-0.499894	-0.696146	1.00008	1.89128	1.32195	0
-0.497779	-0.696146	1.00008	1.89127	1.32197	0
-0.495664	-0.696146	1.00008	1.89125	1.32198	0
-0.493549	-0.696146	1.00008	1.89124	1.32199	0
-0.491434	-0.696145	1.00008	1.89123	1.322	0
-0.489319	-0.696145	1.00008	1.89121	1.32201	0
-0.487204	-0.696145	1.00008	1.8912	1.32202	0
-0.485089	-0.696145	1.00008	1.89119	1.32203	0
-0.482974	-0.696144	1.00008	1.89118	1.32204	0
-0.480859	-0.696144	1.00008	1.89117	1.32205	0
-0.478744	-0.696144	1.00008	1.89115	1.32206	0
-0.476629	-0.696143	1.00009	1.89114	1.32206	0
-0.474514	-0.696143	1.00009	1.89113	1.32207	0
-0.472398	-0.696143	1.00009	1.89112	1.32208	0
-0.470283	-0.696143	1.00009	1.89111	1.32209	0
-0.468168	-0.696143	1.00009	1.8911	1.3221	0
-0.466053	-0.696142	1.00009	1.89109	1.32211	0
-0.463938	-0.696142	1.00009	1.89108	1.32212	0
-0.461823	-0.696141	1.00009	1.89107	1.32212	0
-0.459707	-0.696141	1.00009	1.89106	1.32213	0
-0.457592	-0.696141	1.00009	1.89105	1.32214	0
-0.455477	-0.696141	1.00009	1.89104	1.32215	0
-0.453362	-0.69614	1.0001	1.89103	1.32215	0
-0.451246	-0.69614	1.0001	1.89103	1.32216	0
-0.449131	-0.69614	1.0001	1.89102	1.32217	0
-0.447016	-0.696139	1.0001	1.89101	1.32218	0
-0.444901	-0.696139	1.0001	1.891	1.32218	0
-0.442785	-0.696139	1.0001	1.89099	1.32219	0
-0.44067	-0.696138	1.0001	1.89098	1.3222	0
-0.438555	-0.696138	1.0001	1.89098	1.3222	0
-0.43644	-0.696138	1.0001	1.89097	1.32221	0
-0.434324	-0.696138	1.0001	1.89096	1.32222	0
-0.432209	-0.696137	1.00011	1.89095	1.32222	0
-0.430094	-0.696137	1.00011	1.89095	1.32223	0
-0.427978	-0.696137	1.00011	1.89094	1.32224	0
-0.425863	-0.696136	1.00011	1.89093	1.32224	0
-0.423747	-0.696136	1.00011	1.89093	1.32225	0
-0.421632	-0.696135	1.00011	1.89092	1.32226	0
-0.419517	-0.696135	1.00011	1.89091	1.32226	0
-0.417401	-0.696135	1.00011	1.89091	1.32227	0
-0.415286	-0.696134	1.00011	1.8909	1.32227	0
-0.413171	-0.696134	1.00011	1.89089	1.32228	0
-0.411055	-0.696133	1.00012	1.89089	1.32228	0
-0.40894	-0.696133	1.00012	1.89088	1.32229	0
-0.406824	-0.696133	1.00012	1.89088	1.3223	0
-0.404709	-0.696132	1.00012	1.89087	1.3223	0
-0.402594	-0.696132	1.00012	1.89086	1.32231	0
-0.400478	-0.696131	1.00012	1.89086	1.32231	0
-0.398363	-0.696131	1.00012	1.89085	1.32232	0
-0.396247	-0.696131	1.00012	1.89085	1.32232	0
-0.394132	-0.69613	1.00013	1.89084	1.32233	0
-0.392016	-0.69613	1.00013	1.89084	1.32233	0
-0.389901	-0.696129	1.00013	1.89083	1.32234	0
-0.387785	-0.696129	1.00013	1.89083	1.32234	0
-0.38567	-0.696129	1.00013	1.89082	1.32235	0
-0.383554	-0.696128	1.00013	1.89082	1.32235	0
-0.381439	-0.696128	1.00013	1.89081	1.32236	0
-0.379323	-0.696127	1.00013	1.89081	1.32236	0
-0.377208	-0.696126	1.00013	1.89081	1.32237	0
-0.375092	-0.696126	1.00014	1.8908	1.32237	0
-0.372977	-0.696125	1.00014	1.8908	1.32237	0
-0.370861	-0.696125	1.00014	1.89079	1.32238	0
-0.368746	-0.696125	1.00014	1.89079	1.32238	0
-0.36663	-0.696124	1.00014	1.89078	1.32239	3.61516e-08
-0.364515	-0.696124	1.00014	1.89078	1.32239	0
-0.362399	-0.696123	1.00014	1.89078	1.3224	0
-0.360284	-0.696123	1.00014	1.89077	1.3224	0
-0.358168	-0.696122	1.00014	1.89077	1.32241	0
-0.356053	-0.696121	1.00015	1.89077	1.32241	0
-0.353937	-0.696121	1.00015	1.89076	1.32241	0
-0.351822	-0.696121	1.00015	1.89076	1.32242	0
-0.349706	-0.69612	1.00015	1.89076	1.32242	2.45887e-08
-0.34759	-0.69612	1.00015	1.89075	1.32243	0
-0.345475	-0.696119	1.00015	1.89075	1.32243	0
-0.343359	-0.696118	1.00015	1.89074	1.32243	0
-0.341244	-0.696118	1.00016	1.89074	1.32244	0
-0.339128	-0.696117	1.00016	1.89074	1.32244	0
-0.337013	-0.696117	1.00016	1.89074	1.32244	0
-0.334897	-0.696116	1.00016	1.89073	1.32245	0
-0.332781	-0.696115	1.00016	1.89073	1.32245	0
-0.330666	-0.696115	1.00016	1.89073	1.32246	0
-0.32855	-0.696114	1.00016	1.89073	1.32246	0
-0.326435	-0.696114	1.00016	1.89072	1.32246	0
-0.324319	-0.696113	1.00017	1.89072	1.32247	0
-0.322204	-0.696112	1.00017	1.89072	1.32247	0
-0.320088	-0.696112	1.00017	1.89071	1.32247	0
-0.317972	-0.696111	1.00017	1.89071	1.32248	0
-0.315857	-0.69611	1.00017	1.89071	1.32248	0
-0.313741	-0.69611	1.00017	1.89071	1.32248	0
-0.311626	-0.696109	1.00017	1.89071	1.32249	0
-0.30951	-0.696109	1.00018	1.8907	1.32249	0
-0.307394	-0.696108	1.00018	1.8907	1.32249	0
-0.305279	-0.696107	1.00018	1.8907	1.3225	0
-0.303163	-0.696107	1.00018	1.8907	1.3225	0
-0.301047	-0.696107	1.00018	1.89069	1.3225	0
-0.298932	-0.696105	1.00018	1.89069	1.32251	0
-0.296816	-0.696105	1.00018	1.89069	1.32251	0
-0.294701	-0.696104	1.00019	1.89069	1.32251	0
-0.292585	-0.696103	1.00019	1.89069	1.32252	0
-0.290469	-0.696103	1.00019	1.89069	1.32252	0
-0.288354	-0.696102	1.00019	1.89068	1.32252	0
-0.286238	-0.696101	1.00019	1.89068	1.32253	1.99614e-08
-0.284122	-0.696101	1.00019	1.89068	1.32253	0
-0.282007	-0.6961	1.0002	1.89068	1.32253	0
-0.279891	-0.696099	1.0002	1.89068	1.32254	0
-0.277775	-0.696099	1.0002	1.89068	1.32254	0
-0.27566	-0.696097	1.0002	1.89068	1.32254	0
-0.273544	-0.696096	1.0002	1.89067	1.32255	0
-0.271429	-0.696096	1.0002	1.89067	1.32255	0
-0.269313	-0.696095	1.00021	1.89067	1.32255	0
-0.267197	-0.696094	1.00021	1.89067	1.32255	0
-0.265082	-0.696094	1.00021	1.89067	1.32256	0
-0.262966	-0.696092	1.00021	1.89067	1.32256	0
-0.26085	-0.696092	1.00021	1.89067	1.32256	0
-0.258735	-0.696091	1.00021	1.89067	1.32257	0
-0.256619	-0.696089	1.00022	1.89067	1.32257	0
-0.254503	-0.696089	1.00022	1.89066	1.32257	0
-0.252388	-0.696088	1.00022	1.89067	1.32258	0
-0.250272	-0.696087	1.00022	1.89067	1.32258	0
-0.248156	-0.696087	1.00022	1.89066	1.32258	0
-0.246041	-0.696086	1.00022	1.89066	1.32258	0
-0.243925	-0.696084	1.00023	1.89066	1.32259	0
-0.241809	-0.696084	1.00023	1.89066	1.32259	0
-0.239694	-0.696083	1.00023	1.89066	1.32259	0
-0.237578	-0.696081	1.00023	1.89066	1.3226	0
-0.235462	-0.696081	1.00023	1.89066	1.3226	0
-0.233347	-0.69608	1.00024	1.89066	1.3226	0
-0.231231	-0.696078	1.00024	1.89066	1.3226	0
-0.229115	-0.696078	1.00024	1.89066	1.32261	0
-0.227	-0.696077	1.00024	1.89066	1.32261	0
-0.224884	-0.696075	1.00024	1.89066	1.32261	0
-0.222768	-0.696075	1.00024	1.89066	1.32261	0
-0.220653	-0.696074	1.00025	1.89066	1.32262	0
-0.218537	-0.696072	1.00025	1.89066	1.32262	0
-0.216421	-0.696072	1.00025	1.89066	1.32262	0
-0.214306	-0.696071	1.00025	1.89066	1.32262	0
-0.21219	-0.696069	1.00026	1.89066	1.32263	0
-0.210074	-0.696068	1.00026	1.89066	1.32263	0
-0.207959	-0.696067	1.00026	1.89066	1.32263	0
-0.205843	-0.696065	1.00026	1.89066	1.32264	0
-0.203727	-0.696065	1.00026	1.89066	1.32264	0
-0.201612	-0.696064	1.00027	1.89066	1.32264	0
-0.199496	-0.696062	1.00027	1.89067	1.32264	0
-0.19738	-0.696061	1.00027	1.89066	1.32265	0
-0.195265	-0.696061	1.00027	1.89066	1.32265	0
-0.193149	-0.696058	1.00028	1.89067	1.32265	0
-0.191033	-0.696057	1.00028	1.89067	1.32265	0
-0.188918	-0.696057	1.00028	1.89067	1.32266	0
-0.186802	-0.696055	1.00028	1.89067	1.32266	0
-0.184687	-0.696053	1.00029	1.89067	1.32266	1.58244e-08
-0.182571	-0.696053	1.00029	1.89067	1.32266	0
-0.180455	-0.696051	1.00029	1.89067	1.32267	0
-0.17834	-0.696049	1.00029	1.89067	1.32267	5.09678e-08
-0.176224	-0.696049	1.00029	1.89067	1.32267	0
-0.174108	-0.696047	1.0003	1.89067	1.32267	0
-0.171993	-0.696045	1.0003	1.89068	1.32268	0
-0.169877	-0.696044	1.0003	1.89068	1.32268	0
-0.167761	-0.696043	1.00031	1.89068	1.32268	0
-0.165646	-0.69604	1.00031	1.89068	1.32268	0
-0.16353	-0.69604	1.00031	1.89068	1.32269	0
-0.161414	-0.696039	1.00031	1.89068	1.32269	0
-0.159299	-0.696036	1.00032	1.89069	1.32269	0
-0.157183	-0.696034	1.00032	1.89069	1.32269	0
-0.155067	-0.696034	1.00032	1.89069	1.3227	0
-0.152952	-0.696032	1.00033	1.89069	1.3227	0
-0.150836	-0.696029	1.00033	1.89069	1.3227	0
-0.148721	-0.696029	1.00033	1.89069	1.3227	0
-0.146605	-0.696028	1.00033	1.89069	1.32271	0
-0.144489	-0.696024	1.00034	1.8907	1.32271	0
-0.142374	-0.696023	1.00034	1.8907	1.32271	0
-0.140258	-0.696023	1.00034	1.8907	1.32271	0
-0.138142	-0.69602	1.00035	1.89071	1.32272	0
-0.136027	-0.696017	1.00035	1.89071	1.32272	1.24288e-07
-0.133911	-0.696017	1.00035	1.89071	1.32272	0
-0.131796	-0.696015	1.00036	1.89071	1.32273	0
-0.12968	-0.696012	1.00036	1.89072	1.32273	0
-0.127564	-0.696011	1.00036	1.89071	1.32273	0
-0.125449	-0.69601	1.00037	1.89072	1.32273	0
-0.123333	-0.696006	1.00037	1.89072	1.32274	0
-0.121218	-0.696004	1.00037	1.89073	1.32274	1.51187e-07
-0.119102	-0.696004	1.00038	1.89073	1.32274	0
-0.116986	-0.696001	1.00038	1.89073	1.32274	0
-0.114871	-0.695998	1.00039	1.89074	1.32275	0
-0.112755	-0.695997	1.00039	1.89074	1.32275	0
-0.11064	-0.695996	1.00039	1.89074	1.32275	0
-0.108524	-0.695992	1.0004	1.89075	1.32276	0
-0.106409	-0.695989	1.0004	1.89075	1.32276	2.47223e-07
-0.104293	-0.695989	1.0004	1.89075	1.32276	0
-0.102177	-0.695986	1.00041	1.89076	1.32276	0
-0.100062	-0.695982	1.00041	1.89076	1.32277	0
-0.0979464	-0.695981	1.00041	1.89076	1.32277	0
-0.0958308	-0.69598	1.00042	1.89076	1.32277	0
-0.0937153	-0.695976	1.00043	1.89077	1.32277	0
-0.0915997	-0.695972	1.00043	1.89078	1.32278	0
-0.0894842	-0.695972	1.00043	1.89078	1.32278	0
-0.0873687	-0.69597	1.00044	1.89078	1.32278	0
-0.0852531	-0.695965	1.00044	1.89079	1.32279	0
-0.0831376	-0.695962	1.00045	1.89079	1.32279	1.86546e-07
-0.0810221	-0.695962	1.00045	1.89079	1.32279	0
-0.0789066	-0.695959	1.00046	1.8908	1.32279	0
-0.0767911	-0.695954	1.00046	1.89081	1.3228	0
-0.0746756	-0.695951	1.00047	1.89081	1.3228	2.19889e-07
-0.0725601	-0.695951	1.00047	1.89081	1.3228	0
-0.0704446	-0.695948	1.00048	1.89082	1.32281	0
-0.0683291	-0.695942	1.00048	1.89083	1.32281	0
-0.0662136	-0.695939	1.00049	1.89083	1.32281	0
-0.0640982	-0.695939	1.00049	1.89083	1.32281	0
-0.0619827	-0.695935	1.0005	1.89084	1.32282	0
-0.0598672	-0.695929	1.00051	1.89086	1.32282	0
-0.0577518	-0.695927	1.00051	1.89086	1.32282	0
-0.0556364	-0.695926	1.00051	1.89086	1.32283	0
-0.0535209	-0.695922	1.00052	1.89087	1.32283	0
-0.0514055	-0.695915	1.00053	1.89088	1.32284	0
-0.0492901	-0.695913	1.00053	1.89088	1.32284	0
-0.0471747	-0.695913	1.00053	1.89088	1.32284	0
-0.0450592	-0.695908	1.00054	1.8909	1.32284	0
-0.0429438	-0.6959	1.00056	1.89091	1.32285	0
-0.0408285	-0.695897	1.00056	1.89091	1.32285	2.86026e-07
-0.0387131	-0.695897	1.00056	1.89091	1.32285	0
-0.0365977	-0.695893	1.00057	1.89092	1.32286	0
-0.0344823	-0.695885	1.00058	1.89094	1.32286	0
-0.032367	-0.69588	1.00059	1.89094	1.32287	1.33664e-07
-0.0302516	-0.69588	1.00059	1.89094	1.32287	0
-0.0281363	-0.695877	1.0006	1.89096	1.32287	0
-0.0260209	-0.695868	1.00061	1.89097	1.32288	0
-0.0239056	-0.695862	1.00062	1.89098	1.32288	0
-0.0217903	-0.695861	1.00062	1.89098	1.32288	0
-0.019675	-0.695859	1.00063	1.89099	1.32289	0
-0.0175597	-0.695851	1.00064	1.89101	1.32289	0
-0.0154445	-0.695842	1.00065	1.89102	1.3229	0
-0.0133292	-0.695839	1.00066	1.89102	1.3229	0
-0.0112139	-0.695839	1.00066	1.89103	1.3229	0
-0.0090987	-0.695833	1.00067	1.89105	1.32291	0
-0.00698346	-0.695821	1.00069	1.89107	1.32292	0
-0.00486826	-0.695815	1.0007	1.89107	1.32292	0
-0.00275306	-0.695815	1.0007	1.89107	1.32292	0
-0.000637857	-0.695812	1.00071	1.89109	1.32293	0
0.00147733	-0.695801	1.00073	1.89111	1.32293	0
0.00359249	-0.69579	1.00074	1.89113	1.32294	0
0.00570763	-0.695787	1.00074	1.89113	1.32294	4.60912e-07
0.00782276	-0.695787	1.00075	1.89113	1.32294	0
0.0099379	-0.69578	1.00076	1.89115	1.32295	0
0.012053	-0.695766	1.00078	1.89118	1.32296	0
0.0141681	-0.695755	1.0008	1.8912	1.32297	0
0.0162831	-0.695753	1.0008	1.8912	1.32297	0
0.0183982	-0.695753	1.0008	1.89121	1.32297	0
0.0205133	-0.695743	1.00082	1.89123	1.32298	0
0.0226283	-0.695728	1.00085	1.89126	1.32299	0
0.0247433	-0.695716	1.00086	1.89128	1.32299	0
0.0268582	-0.695714	1.00086	1.89128	1.323	0
0.0289732	-0.695713	1.00087	1.89129	1.323	0
0.0310882	-0.695703	1.00089	1.89132	1.32301	0
0.0332031	-0.695684	1.00092	1.89136	1.32302	0
0.035318	-0.69567	1.00094	1.89138	1.32303	0
0.0374328	-0.695666	1.00094	1.89138	1.32303	3.85982e-07
0.0395477	-0.695667	1.00095	1.89139	1.32303	0
0.0416625	-0.695657	1.00097	1.89142	1.32304	0
0.0437774	-0.695636	1.001	1.89146	1.32306	0
0.0458921	-0.695616	1.00103	1.8915	1.32307	0
0.0480069	-0.695608	1.00104	1.89151	1.32307	2.7146e-07
0.0501216	-0.695608	1.00104	1.89151	1.32307	0
0.0522363	-0.695602	1.00106	1.89153	1.32308	0
0.054351	-0.695583	1.00109	1.89158	1.32309	0
0.0564656	-0.695557	1.00113	1.89163	1.32311	0
0.0585802	-0.695539	1.00116	1.89166	1.32312	0
0.0606947	-0.695533	1.00116	1.89167	1.32312	2.22191e-06
0.0628093	-0.695535	1.00116	1.89166	1.32312	0
0.0649238	-0.695525	1.00119	1.8917	1.32313	0
0.0670383	-0.695497	1.00124	1.89177	1.32315	0
0.0691527	-0.695462	1.00129	1.89184	1.32317	0
0.0712671	-0.695437	1.00133	1.89188	1.32319	0
0.0733814	-0.69543	1.00133	1.89189	1.32319	9.22453e-07
0.0754957	-0.69543	1.00133	1.89189	1.32319	0
0.07761	-0.69542	1.00136	1.89192	1.3232	0
0.0797242	-0.695391	1.00142	1.892	1.32322	0
0.0818384	-0.695349	1.00149	1.89209	1.32325	0
0.0839524	-0.695311	1.00154	1.89217	1.32327	0
0.0860664	-0.695289	1.00157	1.8922	1.32328	0
0.0881804	-0.695283	1.00157	1.89221	1.32329	5.16799e-07
0.0902943	-0.695283	1.00157	1.8922	1.32329	0
0.0924082	-0.695277	1.0016	1.89224	1.3233	0
0.0945221	-0.695239	1.00167	1.89234	1.32333	0
0.0966359	-0.695176	1.00178	1.89249	1.32337	0
0.0987495	-0.695108	1.00189	1.89263	1.32341	0
0.100863	-0.695057	1.00196	1.89272	1.32344	0
0.102976	-0.695032	1.00199	1.89276	1.32345	0
0.10509	-0.695027	1.00199	1.89276	1.32345	8.47457e-07
0.107203	-0.695028	1.00199	1.89276	1.32345	3.36343e-06
0.109316	-0.69503	1.00198	1.89275	1.32345	6.08298e-06
0.11143	-0.695034	1.00197	1.89274	1.32345	8.80888e-06
0.113543	-0.695039	1.00196	1.89272	1.32344	1.15742e-05
0.115656	-0.695046	1.00195	1.8927	1.32344	1.43396e-05
0.11777	-0.695055	1.00193	1.89268	1.32343	1.70775e-05
0.119883	-0.695065	1.00191	1.89265	1.32343	1.97496e-05
0.121997	-0.695077	1.00189	1.89262	1.32342	2.23595e-05
0.12411	-0.695091	1.00187	1.89259	1.32341	2.48529e-05
0.126224	-0.695106	1.00184	1.89255	1.3234	2.72827e-05
0.128337	-0.695123	1.00181	1.89251	1.32339	2.94836e-05
0.130451	-0.695141	1.00178	1.89247	1.32338	3.16848e-05
0.132564	-0.695161	1.00175	1.89242	1.32337	3.35303e-05
0.134678	-0.695181	1.00171	1.89238	1.32335	3.49604e-05
0.136792	-0.695203	1.00168	1.89233	1.32334	3.6522e-05
0.138906	-0.695225	1.00164	1.89228	1.32333	3.79886e-05
0.141019	-0.695248	1.0016	1.89222	1.32331	3.88192e-05
0.143133	-0.695272	1.00156	1.89217	1.3233	3.55913e-05
0.145247	-0.695294	1.00152	1.89212	1.32329	4.59908e-05
0.147361	-0.695322	1.00149	1.89206	1.32327	4.068e-05
0.149475	-0.695347	1.00145	1.89201	1.32326	2.46401e-05
0.15159	-0.695362	1.0014	1.89195	1.32324	4.26224e-05
0.153704	-0.695389	1.00148	1.89206	1.32327	0
0.155818	-0.695136	1.00205	1.89282	1.32349	0
0.157931	-0.694592	1.00307	1.8942	1.32387	0
0.160043	-0.693805	1.00446	1.89607	1.3244	0
0.162152	-0.692825	1.00615	1.89834	1.32503	0
0.16426	-0.691692	1.00807	1.90093	1.32576	0
0.166364	-0.690442	1.01016	1.90375	1.32654	0
0.168465	-0.689103	1.0124	1.90676	1.32738	0
0.170563	-0.687694	1.01475	1.90992	1.32826	0
0.172657	-0.686233	1.01718	1.91318	1.32917	0
0.174748	-0.68473	1.01968	1.91654	1.33011	0
0.176835	-0.683195	1.02224	1.91997	1.33106	0
0.178918	-0.681635	1.02483	1.92345	1.33203	0
0.180998	-0.680056	1.02747	1.92698	1.333	0
0.183074	-0.678462	1.03013	1.93055	1.33399	0
0.185146	-0.676855	1.03282	1.93414	1.33499	0
0.187214	-0.675239	1.03553	1.93776	1.33599	0
0.189278	-0.673615	1.03826	1.94141	1.33699	0
0.191338	-0.671985	1.041	1.94507	1.338	0
0.193395	-0.670351	1.04376	1.94874	1.33901	0
0.195447	-0.668713	1.04652	1.95243	1.34003	0
0.197496	-0.667073	1.0493	1.95613	1.34104	0
0.199541	-0.665431	1.05209	1.95984	1.34206	0
0.201582	-0.663788	1.05488	1.96355	1.34308	0
0.203619	-0.662144	1.05768	1.96727	1.3441	0
0.205652	-0.660499	1.06049	1.971	1.34512	0
0.207682	-0.658855	1.06331	1.97474	1.34614	0
0.209707	-0.657211	1.06613	1.97848	1.34716	0
0.211729	-0.655568	1.06895	1.98222	1.34818	0
0.213747	-0.653926	1.07178	1.98597	1.3492	0
0.215761	-0.652284	1.07462	1.98972	1.35022	0
0.217772	-0.650644	1.07746	1.99347	1.35124	0
0.219778	-0.649006	1.0803	1.99722	1.35226	0
0.221781	-0.647369	1.08315	2.00098	1.35327	0
0.22378	-0.645734	1.086	2.00474	1.35429	0
0.225775	-0.6441	1.08885	2.00849	1.35531	0
0.227767	-0.642469	1.09171	2.01225	1.35632	0
0.229755	-0.640839	1.09457	2.01602	1.35734	0
0.231739	-0.639212	1.09743	2.01978	1.35835	0
0.233719	-0.637586	1.10029	2.02354	1.35936	0
0.235696	-0.635963	1.10316	2.02731	1.36038	0
0.237669	-0.634342	1.10603	2.03107	1.36139	0
0.239638	-0.632723	1.1089	2.03483	1.3624	0
0.241604	-0.631107	1.11177	2.0386	1.36341	0
0.243566	-0.629492	1.11465	2.04236	1.36441	0
0.245525	-0.62788	1.11753	2.04613	1.36542	0
0.24748	-0.626271	1.12041	2.04989	1.36643	0
0.249431	-0.624664	1.12329	2.05366	1.36743	0
0.251379	-0.623059	1.12618	2.05742	1.36843	0
0.253323	-0.621457	1.12906	2.06119	1.36944	0
0.255263	-0.619857	1.13195	2.06495	1.37044	0
0.257201	-0.61826	1.13484	2.06871	1.37144	0
0.259134	-0.616665	1.13774	2.07248	1.37243	0
0.261064	-0.615073	1.14063	2.07624	1.37343	0
0.262991	-0.613483	1.14353	2.08	1.37443	0
0.264914	-0.611896	1.14642	2.08376	1.37542	0
0.266833	-0.610311	1.14932	2.08752	1.37642	0
0.26875	-0.608729	1.15222	2.09128	1.37741	0
0.270662	-0.607149	1.15512	2.09504	1.3784	0
0.272572	-0.605572	1.15803	2.0988	1.37939	0
0.274477	-0.603998	1.16093	2.10256	1.38038	0
0.27638	-0.602426	1.16384	2.10632	1.38137	0
0.278279	-0.600856	1.16675	2.11008	1.38235	0
0.280175	-0.599289	1.16966	2.11383	1.38334	0
0.282067	-0.597725	1.17257	2.11759	1.38432	0
0.283956	-0.596163	1.17548	2.12134	1.3853	0
0.285841	-0.594604	1.1784	2.1251	1.38628	0
0.287724	-0.593047	1.18131	2.12885	1.38726	0
0.289603	-0.591493	1.18423	2.1326	1.38824	0
0.291478	-0.589941	1.18715	2.13635	1.38922	0
0.293351	-0.588392	1.19007	2.14011	1.3902	0
0.29522	-0.586846	1.19299	2.14386	1.39117	0
0.297085	-0.585302	1.19591	2.1476	1.39215	0
0.298948	-0.58376	1.19883	2.15135	1.39312	0
0.300807	-0.582221	1.20176	2.1551	1.39409	0
0.302663	-0.580685	1.20469	2.15884	1.39506	0
0.304516	-0.579151	1.20761	2.16259	1.39603	0
0.306366	-0.577619	1.21054	2.16633	1.39699	0
0.308212	-0.57609	1.21347	2.17008	1.39796	0
0.310056	-0.574564	1.2164	2.17382	1.39893	0
0.311896	-0.57304	1.21934	2.17756	1.39989	0
0.313733	-0.571519	1.22227	2.1813	1.40085	0
0.315566	-0.57	1.22521	2.18504	1.40181	0
0.317397	-0.568483	1.22814	2.18878	1.40277	0
0.319224	-0.566969	1.23108	2.19252	1.40373	0
0.321049	-0.565458	1.23402	2.19625	1.40469	0
0.32287	-0.563949	1.23696	2.19999	1.40564	0
0.324688	-0.562442	1.2399	2.20372	1.4066	0
0.326503	-0.560938	1.24284	2.20745	1.40755	0
0.328315	-0.559436	1.24579	2.21119	1.40851	0
0.330124	-0.557937	1.24873	2.21492	1.40946	0
0.33193	-0.55644	1.25168	2.21865	1.41041	0
0.333733	-0.554946	1.25463	2.22238	1.41136	0
0.335533	-0.553454	1.25757	2.2261	1.4123	0
0.33733	-0.551964	1.26052	2.22983	1.41325	0
0.339124	-0.550477	1.26347	2.23356	1.41419	0
0.340915	-0.548992	1.26643	2.23728	1.41514	0
0.342703	-0.54751	1.26938	2.24101	1.41608	0
0.344487	-0.54603	1.27233	2.24473	1.41702	0
0.346269	-0.544552	1.27529	2.24845	1.41796	0
0.348048	-0.543077	1.27825	2.25217	1.4189	0
0.349825	-0.541604	1.2812	2.25589	1.41984	0
0.351598	-0.540134	1.28416	2.25961	1.42078	0
0.353368	-0.538666	1.28712	2.26333	1.42171	0
0.355135	-0.5372	1.29008	2.26704	1.42265	0
0.3569	-0.535737	1.29304	2.27076	1.42358	0
0.358661	-0.534276	1.29601	2.27447	1.42451	0
0.36042	-0.532817	1.29897	2.27819	1.42544	0
0.362176	-0.53136	1.30194	2.2819	1.42637	0
0.363928	-0.529906	1.3049	2.28561	1.4273	0
0.365679	-0.528454	1.30787	2.28932	1.42823	0
0.367426	-0.527005	1.31084	2.29303	1.42915	0
0.36917	-0.525557	1.31381	2.29674	1.43008	0
0.370912	-0.524112	1.31678	2.30045	1.431	0
0.372651	-0.52267	1.31975	2.30415	1.43193	0
0.374387	-0.521229	1.32272	2.30786	1.43285	0
0.37612	-0.519791	1.3257	2.31156	1.43377	0
0.37785	-0.518355	1.32867	2.31526	1.43469	0
0.379578	-0.516922	1.33165	2.31896	1.4356	0
0.381303	-0.51549	1.33462	2.32267	1.43652	0
0.383025	-0.514061	1.3376	2.32637	1.43744	0
0.384744	-0.512634	1.34058	2.33006	1.43835	0
0.386461	-0.511209	1.34356	2.33376	1.43927	0
0.388175	-0.509787	1.34654	2.33746	1.44018	0
0.389886	-0.508367	1.34952	2.34115	1.44109	0
0.391595	-0.506948	1.35251	2.34485	1.442	0
0.393301	-0.505533	1.35549	2.34854	1.44291	0
0.395004	-0.504119	1.35848	2.35223	1.44382	0
0.396704	-0.502707	1.36146	2.35592	1.44472	0
0.398402	-0.501298	1.36445	2.35961	1.44563	0
0.400097	-0.499891	1.36744	2.3633	1.44653	0
0.40179	-0.498486	1.37043	2.36699	1.44744	0
0.40348	-0.497083	1.37342	2.37068	1.44834	0
0.405167	-0.495682	1.37641	2.37436	1.44924	0
0.406852	-0.494283	1.3794	2.37805	1.45014	0
0.408534	-0.492887	1.38239	2.38173	1.45104	0
0.410213	-0.491493	1.38539	2.38541	1.45194	0
0.41189	-0.4901	1.38838	2.3891	1.45283	0
0.413565	-0.48871	1.39138	2.39278	1.45373	0
0.415236	-0.487322	1.39438	2.39646	1.45462	0
0.416905	-0.485936	1.39737	2.40013	1.45552	0
0.418572	-0.484553	1.40037	2.40381	1.45641	0
0.420236	-0.483171	1.40337	2.40749	1.4573	0
0.421897	-0.481791	1.40637	2.41116	1.45819	0
0.423556	-0.480414	1.40938	2.41484	1.45908	0
0.425213	-0.479038	1.41238	2.41851	1.45997	0
0.426867	-0.477665	1.41538	2.42218	1.46086	0
0.428518	-0.476293	1.41839	2.42585	1.46174	0
0.430167	-0.474924	1.42139	2.42952	1.46263	0
0.431813	-0.473557	1.4244	2.43319	1.46351	0
0.433457	-0.472192	1.42741	2.43686	1.46439	0
0.435099	-0.470828	1.43042	2.44053	1.46528	0
0.436738	-0.469467	1.43343	2.44419	1.46616	0
0.438374	-0.468108	1.43644	2.44786	1.46704	0
0.440008	-0.466751	1.43945	2.45152	1.46792	0
0.44164	-0.465396	1.44246	2.45518	1.46879	0
0.443269	-0.464043	1.44548	2.45885	1.46967	0
0.444896	-0.462691	1.44849	2.46251	1.47055	0
0.44652	-0.461342	1.45151	2.46617	1.47142	0
0.448142	-0.459995	1.45452	2.46983	1.47229	0
0.449762	-0.45865	1.45754	2.47348	1.47317	0
0.451379	-0.457307	1.46056	2.47714	1.47404	0
0.452994	-0.455965	1.46358	2.4808	1.47491	0
0.454606	-0.454626	1.4666	2.48445	1.47578	0
0.456216	-0.453288	1.46962	2.4881	1.47665	0
0.457824	-0.451953	1.47264	2.49176	1.47751	0
0.459429	-0.45062	1.47567	2.49541	1.47838	0
0.461032	-0.449288	1.47869	2.49906	1.47925	0
0.462633	-0.447958	1.48171	2.50271	1.48011	0
0.464231	-0.446631	1.48474	2.50636	1.48097	0
0.465827	-0.445305	1.48777	2.51	1.48184	0
0.467421	-0.443981	1.49079	2.51365	1.4827	0
0.469012	-0.442659	1.49382	2.5173	1.48356	0
0.470601	-0.441339	1.49685	2.52094	1.48442	0
0.472188	-0.440021	1.49988	2.52458	1.48528	0
0.473772	-0.438704	1.50291	2.52823	1.48613	0
0.475354	-0.43739	1.50595	2.53187	1.48699	0
0.476934	-0.436077	1.50898	2.53551	1.48785	0
0.478512	-0.434766	1.51201	2.53915	1.4887	0
0.480087	-0.433458	1.51505	2.54279	1.48956	0
0.48166	-0.432151	1.51808	2.54642	1.49041	0
0.483231	-0.430845	1.52112	2.55006	1.49126	0
0.484799	-0.429542	1.52416	2.5537	1.49211	0
0.486366	-0.428241	1.5272	2.55733	1.49296	0
0.48793	-0.426941	1.53024	2.56096	1.49381	0
0.489492	-0.425643	1.53328	2.5646	1.49466	0
0.491052	-0.424347	1.53632	2.56823	1.4955	0
0.492609	-0.423053	1.53936	2.57186	1.49635	0
0.494164	-0.421761	1.5424	2.57549	1.4972	0
0.495717	-0.42047	1.54545	2.57912	1.49804	0
0.497268	-0.419182	1.54849	2.58274	1.49888	0
0.498817	-0.417895	1.55154	2.58637	1.49972	0
0.500364	-0.41661	1.55458	2.59	1.50057	0
0.501908	-0.415326	1.55763	2.59362	1.50141	0
0.50345	-0.414045	1.56068	2.59724	1.50225	0
0.50499	-0.412765	1.56373	2.60087	1.50308	0
0.506528	-0.411487	1.56678	2.60449	1.50392	0
0.508064	-0.41021	1.56983	2.60811	1.50476	0
0.509598	-0.408936	1.57288	2.61173	1.50559	0
0.511129	-0.407663	1.57594	2.61535	1.50643	0
0.512659	-0.406392	1.57899	2.61897	1.50726	0
0.514186	-0.405123	1.58204	2.62258	1.5081	0
0.515711	-0.403855	1.5851	2.6262	1.50893	0
0.517234	-0.40259	1.58816	2.62981	1.50976	0
0.518755	-0.401326	1.59121	2.63343	1.51059	0
0.520274	-0.400063	1.59427	2.63704	1.51142	0
0.521791	-0.398803	1.59733	2.64065	1.51225	0
0.523306	-0.397544	1.60039	2.64426	1.51308	0
0.524819	-0.396286	1.60345	2.64787	1.5139	0
0.526329	-0.395031	1.60651	2.65148	1.51473	0
0.527838	-0.393777	1.60957	2.65509	1.51555	0
0.529345	-0.392525	1.61264	2.6587	1.51638	0
0.530849	-0.391275	1.6157	2.66231	1.5172	0
0.532351	-0.390026	1.61877	2.66591	1.51802	0
0.533852	-0.388779	1.62183	2.66952	1.51884	0
0.53535	-0.387533	1.6249	2.67312	1.51966	0
0.536847	-0.38629	1.62797	2.67672	1.52048	0
0.538341	-0.385048	1.63103	2.68032	1.5213	0
0.539833	-0.383807	1.6341	2.68392	1.52212	0
0.541324	-0.382569	1.63717	2.68752	1.52294	0
0.542812	-0.381332	1.64024	2.69112	1.52375	0
0.544298	-0.380096	1.64332	2.69472	1.52457	0
0.545783	-0.378862	1.64639	2.69832	1.52538	0
0.547265	-0.37763	1.64946	2.70191	1.5262	0
0.548746	-0.3764	1.65254	2.70551	1.52701	0
0.550224	-0.375171	1.65561	2.7091	1.52782	0
0.551701	-0.373943	1.65869	2.7127	1.52863	0
0.553175	-0.372718	1.66176	2.71629	1.52944	0
0.554648	-0.371494	1.66484	2.71988	1.53025	0
0.556118	-0.370271	1.66792	2.72347	1.53106	0
0.557587	-0.36905	1.671	2.72706	1.53187	0
0.559054	-0.367831	1.67408	2.73065	1.53267	0
0.560519	-0.366613	1.67716	2.73424	1.53348	0
0.561982	-0.365397	1.68024	2.73782	1.53429	0
0.563443	-0.364183	1.68332	2.74141	1.53509	0
0.564902	-0.36297	1.68641	2.74499	1.53589	0
0.566359	-0.361759	1.68949	2.74858	1.5367	0
0.567814	-0.360549	1.69258	2.75216	1.5375	0
0.569268	-0.359341	1.69566	2.75574	1.5383	0
0.570719	-0.358134	1.69875	2.75933	1.5391	0
0.572169	-0.356929	1.70184	2.76291	1.5399	0
0.573617	-0.355725	1.70492	2.76649	1.5407	0
0.575063	-0.354523	1.70801	2.77006	1.54149	0
0.576507	-0.353323	1.7111	2.77364	1.54229	0
0.577949	-0.352124	1.71419	2.77722	1.54309	0
0.579389	-0.350927	1.71729	2.7808	1.54388	0
0.580827	-0.349731	1.72038	2.78437	1.54467	0
0.582264	-0.348537	1.72347	2.78794	1.54547	0
0.583699	-0.347344	1.72657	2.79152	1.54626	0
0.585132	-0.346153	1.72966	2.79509	1.54705	0
0.586563	-0.344963	1.73276	2.79866	1.54784	0
0.587992	-0.343775	1.73585	2.80223	1.54863	0
0.589419	-0.342588	1.73895	2.8058	1.54942	0
0.590845	-0.341403	1.74205	2.80937	1.55021	0
0.592269	-0.340219	1.74515	2.81294	1.551	0
0.593691	-0.339037	1.74825	2.81651	1.55179	0
0.595111	-0.337856	1.75135	2.82007	1.55257	0
0.596529	-0.336677	1.75445	2.82364	1.55336	0
0.597946	-0.335499	1.75755	2.8272	1.55414	0
0.599361	-0.334323	1.76065	2.83076	1.55493	0
0.600774	-0.333148	1.76376	2.83433	1.55571	0
0.602185	-0.331975	1.76686	2.83789	1.55649	0
0.603595	-0.330803	1.76997	2.84145	1.55727	0
0.605002	-0.329633	1.77307	2.84501	1.55806	0
0.606408	-0.328464	1.77618	2.84857	1.55884	0
0.607813	-0.327296	1.77929	2.85213	1.55961	0
0.609215	-0.32613	1.7824	2.85569	1.56039	0
0.610616	-0.324966	1.78551	2.85924	1.56117	0
0.612015	-0.323802	1.78862	2.8628	1.56195	0
0.613412	-0.322641	1.79173	2.86635	1.56272	0
0.614808	-0.32148	1.79484	2.86991	1.5635	0
0.616201	-0.320322	1.79795	2.87346	1.56427	0
0.617593	-0.319164	1.80106	2.87701	1.56505	0
0.618984	-0.318008	1.80418	2.88056	1.56582	0
0.620372	-0.316854	1.80729	2.88411	1.56659	0
0.621759	-0.315701	1.81041	2.88766	1.56736	0
0.623144	-0.314549	1.81352	2.89121	1.56814	0
0.624528	-0.313398	1.81664	2.89476	1.56891	0
0.62591	-0.31225	1.81976	2.89831	1.56967	0
0.62729	-0.311102	1.82288	2.90185	1.57044	0
0.628668	-0.309956	1.826	2.9054	1.57121	0
0.630045	-0.308811	1.82912	2.90894	1.57198	0
0.63142	-0.307668	1.83224	2.91249	1.57274	0
0.632793	-0.306526	1.83536	2.91603	1.57351	0
0.634165	-0.305385	1.83848	2.91957	1.57427	0
0.635535	-0.304246	1.84161	2.92311	1.57504	0
0.636904	-0.303108	1.84473	2.92665	1.5758	0
0.63827	-0.301972	1.84786	2.93019	1.57656	0
0.639636	-0.300837	1.85098	2.93373	1.57733	0
0.640999	-0.299703	1.85411	2.93727	1.57809	0
0.642361	-0.298571	1.85723	2.94081	1.57885	0
0.643721	-0.29744	1.86036	2.94434	1.57961	0
0.645079	-0.29631	1.86349	2.94788	1.58037	0
0.646436	-0.295182	1.86662	2.95141	1.58113	0
0.647792	-0.294055	1.86975	2.95495	1.58188	0
0.649145	-0.292929	1.87288	2.95848	1.58264	0
0.650497	-0.291805	1.87601	2.96201	1.5834	0
0.651848	-0.290682	1.87915	2.96554	1.58415	0
0.653197	-0.28956	1.88228	2.96907	1.58491	0
0.654544	-0.28844	1.88541	2.9726	1.58566	0
0.655889	-0.287321	1.88855	2.97613	1.58641	0
0.657234	-0.286203	1.89168	2.97966	1.58717	0
0.658576	-0.285087	1.89482	2.98318	1.58792	0
0.659917	-0.283972	1.89796	2.98671	1.58867	0
0.661256	-0.282858	1.90109	2.99024	1.58942	0
0.662594	-0.281746	1.90423	2.99376	1.59017	0
0.66393	-0.280635	1.90737	2.99728	1.59092	0
0.665264	-0.279525	1.91051	3.00081	1.59167	0
0.666597	-0.278417	1.91365	3.00433	1.59241	0
0.667929	-0.27731	1.91679	3.00785	1.59316	0
0.669259	-0.276204	1.91994	3.01137	1.59391	0
0.670587	-0.275099	1.92308	3.01489	1.59465	0
0.671914	-0.273996	1.92622	3.01841	1.5954	0
0.673239	-0.272894	1.92937	3.02193	1.59614	0
0.674563	-0.271793	1.93251	3.02545	1.59688	0
0.675885	-0.270693	1.93566	3.02896	1.59763	0
0.677205	-0.269595	1.93881	3.03248	1.59837	0
0.678524	-0.268498	1.94195	3.03599	1.59911	0
0.679842	-0.267403	1.9451	3.03951	1.59985	0
0.681158	-0.266308	1.94825	3.04302	1.60059	0
0.682472	-0.265215	1.9514	3.04653	1.60133	0
0.683785	-0.264123	1.95455	3.05004	1.60207	0
0.685097	-0.263033	1.9577	3.05355	1.60281	0
0.686407	-0.261943	1.96085	3.05706	1.60354	0
0.687715	-0.260855	1.96401	3.06057	1.60428	0
0.689022	-0.259768	1.96716	3.06408	1.60502	0
0.690328	-0.258683	1.97031	3.06759	1.60575	0
0.691631	-0.257598	1.97347	3.0711	1.60649	0
0.692934	-0.256515	1.97663	3.0746	1.60722	0
0.694235	-0.255433	1.97978	3.07811	1.60795	0
0.695534	-0.254352	1.98294	3.08161	1.60869	0
0.696832	-0.253273	1.9861	3.08512	1.60942	0
0.698129	-0.252195	1.98925	3.08862	1.61015	0
0.699424	-0.251118	1.99241	3.09212	1.61088	0
0.700718	-0.250042	1.99557	3.09562	1.61161	0
0.70201	-0.248967	1.99873	3.09912	1.61234	0
0.703301	-0.247894	2.0019	3.10262	1.61307	0
0.70459	-0.246821	2.00506	3.10612	1.6138	0
0.705878	-0.24575	2.00822	3.10962	1.61452	0
0.707164	-0.244681	2.01138	3.11312	1.61525	0
0.708449	-0.243612	2.01455	3.11662	1.61597	0
0.709732	-0.242545	2.01771	3.12011	1.6167	0
0.711014	-0.241479	2.02088	3.12361	1.61742	0
0.712295	-0.240413	2.02405	3.1271	1.61815	0
0.713574	-0.23935	2.02721	3.13059	1.61887	0
0.714852	-0.238287	2.03038	3.13409	1.6196	0
0.716128	-0.237226	2.03355	3.13758	1.62032	0
0.717403	-0.236165	2.03672	3.14107	1.62104	0
0.718676	-0.235106	2.03989	3.14456	1.62176	0
0.719948	-0.234048	2.04306	3.14805	1.62248	0
0.721219	-0.232991	2.04623	3.15154	1.6232	0
0.722488	-0.231936	2.0494	3.15503	1.62392	0
0.723756	-0.230881	2.05258	3.15852	1.62464	0
0.725022	-0.229828	2.05575	3.162	1.62535	0
0.726287	-0.228776	2.05892	3.16549	1.62607	0
0.727551	-0.227725	2.0621	3.16897	1.62679	0
0.728813	-0.226675	2.06528	3.17246	1.6275	0
0.730074	-0.225627	2.06845	3.17594	1.62822	0
0.731334	-0.224579	2.07163	3.17943	1.62893	0
0.732592	-0.223533	2.07481	3.18291	1.62965	0
0.733848	-0.222487	2.07799	3.18639	1.63036	0
0.735104	-0.221443	2.08116	3.18987	1.63107	0
0.736358	-0.2204	2.08434	3.19335	1.63178	0
0.73761	-0.219359	2.08753	3.19683	1.6325	0
0.738862	-0.218318	2.09071	3.20031	1.63321	0
0.740111	-0.217278	2.09389	3.20379	1.63392	0
0.74136	-0.21624	2.09707	3.20726	1.63463	0
0.742607	-0.215203	2.10025	3.21074	1.63534	0
0.743853	-0.214166	2.10344	3.21421	1.63604	0
0.745097	-0.213131	2.10662	3.21769	1.63675	0
0.746341	-0.212097	2.10981	3.22116	1.63746	0
0.747582	-0.211065	2.113	3.22464	1.63817	0
0.748823	-0.210033	2.11618	3.22811	1.63887	0
0.750062	-0.209002	2.11937	3.23158	1.63958	0
0.7513	-0.207973	2.12256	3.23505	1.64028	0
0.752536	-0.206944	2.12575	3.23852	1.64099	0
0.753771	-0.205917	2.12894	3.24199	1.64169	0
0.755005	-0.204891	2.13213	3.24546	1.64239	0
0.756238	-0.203866	2.13532	3.24893	1.64309	0
0.757469	-0.202842	2.13851	3.2524	1.6438	0
0.758699	-0.201819	2.1417	3.25586	1.6445	0
0.759927	-0.200797	2.1449	3.25933	1.6452	0
0.761154	-0.199776	2.14809	3.26279	1.6459	0
0.76238	-0.198756	2.15128	3.26626	1.6466	0
0.763605	-0.197738	2.15448	3.26972	1.6473	0
0.764828	-0.19672	2.15768	3.27319	1.64799	0
0.76605	-0.195704	2.16087	3.27665	1.64869	0
0.767271	-0.194688	2.16407	3.28011	1.64939	0
0.768491	-0.193674	2.16727	3.28357	1.65008	0
0.769709	-0.192661	2.17047	3.28703	1.65078	0
0.770926	-0.191649	2.17366	3.29049	1.65148	0
0.772141	-0.190637	2.17686	3.29395	1.65217	0
0.773356	-0.189627	2.18007	3.29741	1.65286	0
0.774569	-0.188618	2.18327	3.30086	1.65356	0
0.775781	-0.18761	2.18647	3.30432	1.65425	0
0.776991	-0.186603	2.18967	3.30778	1.65494	0
0.7782	-0.185598	2.19288	3.31123	1.65563	0
0.779408	-0.184593	2.19608	3.31469	1.65633	0
0.780615	-0.183589	2.19928	3.31814	1.65702	0
0.781821	-0.182586	2.20249	3.32159	1.65771	0
0.783025	-0.181585	2.2057	3.32504	1.6584	0
0.784228	-0.180584	2.2089	3.3285	1.65908	0
0.78543	-0.179584	2.21211	3.33195	1.65977	0
0.78663	-0.178586	2.21532	3.3354	1.66046	0
0.787829	-0.177588	2.21853	3.33885	1.66115	0
0.789027	-0.176592	2.22174	3.3423	1.66183	0
0.790224	-0.175596	2.22495	3.34574	1.66252	0
0.79142	-0.174602	2.22816	3.34919	1.66321	0
0.792614	-0.173608	2.23137	3.35264	1.66389	0
0.793807	-0.172616	2.23458	3.35608	1.66457	0
0.794999	-0.171625	2.23779	3.35953	1.66526	0
0.79619	-0.170634	2.24101	3.36297	1.66594	0
0.797379	-0.169645	2.24422	3.36642	1.66662	0
0.798567	-0.168656	2.24744	3.36986	1.66731	0
0.799754	-0.167669	2.25065	3.3733	1.66799	0
0.80094	-0.166683	2.25387	3.37674	1.66867	0
0.802125	-0.165697	2.25708	3.38018	1.66935	0
0.803308	-0.164713	2.2603	3.38363	1.67003	0
0.80449	-0.16373	2.26352	3.38706	1.67071	0
0.805671	-0.162747	2.26674	3.3905	1.67139	0
0.806851	-0.161766	2.26996	3.39394	1.67207	0
0.808029	-0.160786	2.27318	3.39738	1.67274	0
0.809207	-0.159806	2.2764	3.40082	1.67342	0
0.810383	-0.158828	2.27962	3.40425	1.6741	0
0.811558	-0.15785	2.28284	3.40769	1.67477	0
0.812732	-0.156874	2.28606	3.41112	1.67545	0
0.813904	-0.155899	2.28929	3.41456	1.67612	0
0.815076	-0.154924	2.29251	3.41799	1.6768	0
0.816246	-0.153951	2.29574	3.42142	1.67747	0
0.817415	-0.152978	2.29896	3.42486	1.67814	0
0.818583	-0.152007	2.30219	3.42829	1.67882	0
0.81975	-0.151036	2.30541	3.43172	1.67949	0
0.820916	-0.150066	2.30864	3.43515	1.68016	0
0.82208	-0.149098	2.31187	3.43858	1.68083	0
0.823243	-0.14813	2.3151	3.44201	1.6815	0
0.824405	-0.147164	2.31833	3.44543	1.68217	0
0.825566	-0.146198	2.32156	3.44886	1.68284	0
0.826726	-0.145233	2.32479	3.45229	1.68351	0
0.827885	-0.144269	2.32802	3.45571	1.68418	0
0.829042	-0.143306	2.33125	3.45914	1.68485	0
0.830199	-0.142344	2.33448	3.46256	1.68552	0
0.831354	-0.141384	2.33771	3.46599	1.68618	0
0.832508	-0.140424	2.34095	3.46941	1.68685	0
0.833661	-0.139464	2.34418	3.47283	1.68751	0
0.834813	-0.138506	2.34742	3.47625	1.68818	0
0.835963	-0.137549	2.35065	3.47968	1.68884	0
0.837113	-0.136593	2.35389	3.4831	1.68951	0
0.838261	-0.135638	2.35713	3.48652	1.69017	0
0.839409	-0.134683	2.36036	3.48994	1.69084	0
0.840555	-0.13373	2.3636	3.49335	1.6915	0
0.8417	-0.132777	2.36684	3.49677	1.69216	0
0.842844	-0.131826	2.37008	3.50019	1.69282	0
0.843986	-0.130875	2.37332	3.50361	1.69348	0
0.845128	-0.129925	2.37656	3.50702	1.69414	0
0.846269	-0.128977	2.3798	3.51044	1.6948	0
0.847408	-0.128029	2.38304	3.51385	1.69546	0
0.848546	-0.127082	2.38629	3.51727	1.69612	0
0.849684	-0.126136	2.38953	3.52068	1.69678	0
0.85082	-0.125191	2.39277	3.52409	1.69744	0
0.851955	-0.124247	2.39602	3.5275	1.6981	0
0.853089	-0.123303	2.39926	3.53091	1.69875	0
0.854222	-0.122361	2.40251	3.53432	1.69941	0
0.855353	-0.12142	2.40575	3.53773	1.70007	0
0.856484	-0.120479	2.409	3.54114	1.70072	0
0.857614	-0.119539	2.41225	3.54455	1.70138	0
0.858742	-0.118601	2.4155	3.54796	1.70203	0
0.85987	-0.117663	2.41875	3.55137	1.70269	0
0.860996	-0.116726	2.422	3.55477	1.70334	0
0.862121	-0.11579	2.42525	3.55818	1.70399	0
0.863245	-0.114855	2.4285	3.56159	1.70465	0
0.864368	-0.11392	2.43175	3.56499	1.7053	0
0.86549	-0.112987	2.435	3.56839	1.70595	0
0.866611	-0.112055	2.43825	3.5718	1.7066	0
0.867731	-0.111123	2.4415	3.5752	1.70725	0
0.86885	-0.110192	2.44476	3.5786	1.7079	0
0.869968	-0.109263	2.44801	3.582	1.70855	0
0.871085	-0.108334	2.45127	3.5854	1.7092	0
0.8722	-0.107406	2.45452	3.5888	1.70985	0
0.873315	-0.106479	2.45778	3.5922	1.7105	0
0.874428	-0.105552	2.46104	3.5956	1.71114	0
0.875541	-0.104627	2.46429	3.599	1.71179	0
0.876652	-0.103702	2.46755	3.6024	1.71244	0
0.877763	-0.102779	2.47081	3.6058	1.71308	0
0.878872	-0.101856	2.47407	3.60919	1.71373	0
0.87998	-0.100934	2.47733	3.61259	1.71437	0
0.881087	-0.100013	2.48059	3.61598	1.71502	0
0.882194	-0.099093	2.48385	3.61938	1.71566	0
0.883299	-0.0981738	2.48711	3.62277	1.71631	0
0.884403	-0.0972553	2.49037	3.62616	1.71695	0
0.885506	-0.0963378	2.49364	3.62955	1.71759	0
0.886608	-0.0954211	2.4969	3.63295	1.71823	0
0.887709	-0.0945053	2.50017	3.63634	1.71888	0
0.888809	-0.0935903	2.50343	3.63973	1.71952	0
0.889908	-0.0926762	2.50669	3.64312	1.72016	0
0.891006	-0.0917629	2.50996	3.64651	1.7208	0
0.892103	-0.0908505	2.51323	3.64989	1.72144	0
0.893199	-0.0899389	2.51649	3.65328	1.72208	0
0.894294	-0.0890282	2.51976	3.65667	1.72272	0
0.895388	-0.0881184	2.52303	3.66006	1.72335	0
0.896481	-0.0872093	2.5263	3.66344	1.72399	0
0.897572	-0.0863012	2.52957	3.66683	1.72463	0
0.898663	-0.0853939	2.53284	3.67021	1.72527	0
0.899753	-0.0844874	2.53611	3.6736	1.7259	0
0.900842	-0.0835817	2.53938	3.67698	1.72654	0
0.90193	-0.0826769	2.54265	3.68036	1.72717	0
0.903017	-0.081773	2.54592	3.68374	1.72781	0
0.904103	-0.0808699	2.5492	3.68712	1.72844	0
0.905187	-0.0799676	2.55247	3.69051	1.72908	0
0.906271	-0.0790661	2.55574	3.69389	1.72971	0
0.907354	-0.0781655	2.55902	3.69726	1.73035	0
0.908436	-0.0772657	2.56229	3.70064	1.73098	0
0.909517	-0.0763668	2.56557	3.70402	1.73161	0
0.910597	-0.0754687	2.56884	3.7074	1.73224	0
0.911676	-0.0745714	2.57212	3.71078	1.73287	0
0.912754	-0.0736749	2.5754	3.71415	1.7335	0
0.913831	-0.0727793	2.57868	3.71753	1.73413	0
0.914907	-0.0718845	2.58195	3.7209	1.73476	0
0.915982	-0.0709905	2.58523	3.72428	1.73539	0
0.917056	-0.0700973	2.58851	3.72765	1.73602	0
0.918129	-0.069205	2.59179	3.73102	1.73665	0
0.919201	-0.0683134	2.59507	3.73439	1.73728	0
0.920272	-0.0674227	2.59836	3.73777	1.73791	0
0.921342	-0.0665329	2.60164	3.74114	1.73853	0
0.922411	-0.0656438	2.60492	3.74451	1.73916	0
0.92348	-0.0647555	2.6082	3.74788	1.73979	0
0.924547	-0.0638681	2.61148	3.75124	1.74041	0
0.925613	-0.0629815	2.61477	3.75461	1.74104	0
0.926679	-0.0620957	2.61805	3.75798	1.74166	0
0.927743	-0.0612107	2.62134	3.76135	1.74229	0
0.928806	-0.0603266	2.62462	3.76471	1.74291	0
0.929869	-0.0594432	2.62791	3.76808	1.74353	0
0.93093	-0.0585607	2.63119	3.77144	1.74416	0
0.931991	-0.0576789	2.63448	3.77481	1.74478	0
0.933051	-0.056798	2.63777	3.77817	1.7454	0
0.934109	-0.0559179	2.64106	3.78153	1.74602	0
0.935167	-0.0550386	2.64434	3.78489	1.74664	0
0.936224	-0.0541601	2.64763	3.78826	1.74726	0
0.93728	-0.0532824	2.65092	3.79162	1.74788	0
0.938335	-0.0524056	2.65421	3.79498	1.7485	0
0.939389	-0.0515295	2.6575	3.79833	1.74912	0
0.940442	-0.0506543	2.66079	3.80169	1.74974	0
0.941494	-0.0497799	2.66408	3.80505	1.75036	0
0.942545	-0.0489063	2.66738	3.80841	1.75098	0
0.943596	-0.0480335	2.67067	3.81176	1.7516	0
0.944645	-0.0471615	2.67396	3.81512	1.75221	0
0.945694	-0.0462903	2.67725	3.81847	1.75283	0
0.946741	-0.04542	2.68054	3.82183	1.75345	0
0.947788	-0.0445505	2.68384	3.82518	1.75406	0
0.948833	-0.0436818	2.68713	3.82853	1.75468	0
0.949878	-0.0428139	2.69043	3.83188	1.75529	0
0.950922	-0.0419468	2.69372	3.83523	1.7559	0
0.951965	-0.0410806	2.69701	3.83858	1.75652	0
0.953007	-0.0402152	2.70031	3.84193	1.75713	0
0.954048	-0.0393506	2.7036	3.84528	1.75774	0
0.955088	-0.0384869	2.7069	3.84862	1.75836	0
0.956128	-0.037624	2.7102	3.85197	1.75897	0
0.957166	-0.036762	2.71349	3.85531	1.75958	0
0.958204	-0.0359008	2.71679	3.85866	1.76019	0
0.95924	-0.0350405	2.72008	3.862	1.7608	0
0.960276	-0.034181	2.72338	3.86534	1.76141	0
0.961311	-0.0333224	2.72668	3.86868	1.76202	0
0.962345	-0.0324646	2.72997	3.87202	1.76263	0
0.963378	-0.0316078	2.73327	3.87536	1.76323	0
0.96441	-0.0307519	2.73657	3.8787	1.76384	0
0.965441	-0.0298968	2.73986	3.88204	1.76445	0
0.966472	-0.0290427	2.74316	3.88537	1.76506	0
0.967501	-0.0281895	2.74645	3.8887	1.76566	0
0.96853	-0.0273372	2.74975	3.89204	1.76627	0
0.969558	-0.026486	2.75305	3.89537	1.76687	0
0.970584	-0.0256357	2.75634	3.8987	1.76748	0
0.97161	-0.0247864	2.75963	3.90202	1.76808	0
0.972636	-0.0239381	2.76293	3.90535	1.76868	0
0.97366	-0.0230909	2.76622	3.90867	1.76928	0
0.974683	-0.0222448	2.76951	3.91199	1.76989	0
0.975706	-0.0213998	2.7728	3.91531	1.77049	0
0.976727	-0.020556	2.77609	3.91863	1.77109	0
0.977748	-0.0197134	2.77938	3.92194	1.77169	0
0.978768	-0.0188721	2.78267	3.92526	1.77229	0
0.979787	-0.0180321	2.78595	3.92857	1.77288	0
0.980805	-0.0171935	2.78924	3.93187	1.77348	0
0.981823	-0.0163565	2.79252	3.93517	1.77408	0
0.982839	-0.0155211	2.79579	3.93847	1.77467	0
0.983855	-0.0146875	2.79907	3.94176	1.77526	0
0.984869	-0.0138558	2.80234	3.94505	1.77586	0
0.985883	-0.0130263	2.8056	3.94833	1.77645	0
0.986896	-0.0121991	2.80886	3.9516	1.77704	0
0.987909	-0.0113747	2.81211	3.95487	1.77762	0
0.98892	-0.0105533	2.81535	3.95812	1.77821	0
0.989931	-0.00973568	2.81858	3.96136	1.77879	0
0.99094	-0.00892243	2.82179	3.96459	1.77937	0
0.991949	-0.00811461	2.82499	3.9678	1.77995	0
0.992957	-0.00731366	2.82816	3.97098	1.78052	0
0.993965	-0.00652171	2.8313	3.97412	1.78108	0
0.994971	-0.00574184	2.83439	3.97722	1.78164	0
0.995977	-0.00497859	2.83742	3.98026	1.78218	0
0.996982	-0.0042384	2.84036	3.9832	1.78271	0
0.997986	-0.00353006	2.84317	3.98602	1.78321	0
0.99899	-0.00286476	2.84581	3.98866	1.78369	0
0.999993	-0.0022554	2.84823	3.99109	1.78412	0
1.00099	-0.00171502	2.85037	3.99323	1.7845	0
1.002	-0.00125437	2.8522	3.99506	1.78483	0
1.003	-0.000879375	2.85368	3.99654	1.7851	0
1.004	-0.000589349	2.85483	3.99768	1.7853	0
1.005	-0.000376997	2.85566	3.99852	1.78545	0
1.006	-0.000230053	2.85624	3.9991	1.78555	0
1.007	-0.000133961	2.85662	3.99948	1.78562	0
1.008	-7.45066e-05	2.85685	3.99971	1.78566	0
1.009	-3.96334e-05	2.85699	3.99985	1.78569	0
1.01	-2.01946e-05	2.85706	3.99992	1.7857	0
1.011	-9.87155e-06	2.8571	3.99996	1.78571	0
1.012	-4.63606e-06	2.85712	3.99998	1.78571	0
1.013	-2.09465e-06	2.85713	3.99999	1.78571	0
1.014	-9.11574e-07	2.85714	4	1.78571	0
1.015	-3.8252e-07	2.85714	4	1.78571	0
1.016	-1.54918e-07	2.85714	4	1.78571	0
1.017	-6.06024e-08	2.85714	4	1.78571	0
1.018	-2.29153e-08	2.85714	4	1.78571	0
1.019	-8.38068e-09	2.85714	4	1.78571	0
1.02	-2.96613e-09	2.85714	4	1.78571	0
1.021	-1.0164e-09	2.85714	4	1.78571	0
1.022	-3.37348e-10	2.85714	4	1.78571	0
1.023	-1.08492e-10	2.85714	4	1.78571	0
1.024	-3.38178e-11	2.85714	4	1.78571	0
1.025	-1.02196e-11	2.85714	4	1.78571	0
1.026	-2.9939e-12	2.85714	4	1.78571	0
1.027	-8.5005e-13	2.85714	4	1.78571	0
1.028	-2.32812e-13	2.85714	4	1.78571	0
1.029	-6.08487e-14	2.85714	4	1.78571	0
1.03	-1.41438e-14	2.85714	4	1.78571	0
1.031	-2.03507e-15	2.85714	4	1.78571	0
1.032	-9.15783e-16	2.85714	4	1.78571	0
1.033	-9.15783e-16	2.85714	4	1.78571	0
1.034	-9.15783e-16	2.85714	4	1.78571	0
1.035	-9.15783e-16	2.85714	4	1.78571	0
1.036	-9.15783e-16	2.85714	4	1.78571	0
1.037	-9.15783e-16	2.85714	4	1.78571	0
1.038	-9.15783e-16	2.85714	4	1.78571	0
1.039	-9.15783e-16	2.85714	4	1.78571	0
1.04	-9.15783e-16	2.85714	4	1.78571	0
1.041	-9.15783e-16	2.85714	4	1.78571	0
1.042	-9.15783e-16	2.85714	4	1.78571	0
1.043	-9.15783e-16	2.85714	4	1.78571	0
1.044	-9.15783e-16	2.85714	4	1.78571	0
1.045	-9.15783e-16	2.85714	4	1.78571	0
1.046	-9.15783e-16	2.85714	4	1.78571	0
1.047	-9.15783e-16	2.85714	4	1.78571	0
1.048	-9.15783e-16	2.85714	4	1.78571	0
1.049	-9.15783e-16	2.85714	4	1.78571	0
1.05	-9.15783e-16	2.85714	4	1.78571	0
1.051	-9.15783e-16	2.85714	4	1.78571	0
1.052	-9.15783e-16	2.85714	4	1.78571	0
1.053	-9.15783e-16	2.85714	4	1.78571	0
1.054	-9.15783e-16	2.85714	4	1.78571	0
1.055	-9.15783e-16	2.85714	4	1.78571	0
1.056	-9.15783e-16	2.85714	4	1.78571	0
1.057	-9.15783e-16	2.85714	4	1.78571	0
1.058	-9.15783e-16	2.85714	4	1.78571	0
1.059	-9.15783e-16	2.85714	4	1.78571	0
1.06	-9.15783e-16	2.85714	4	1.78571	0
1.061	-9.15783e-16	2.85714	4	1.78571	0
1.062	-9.15783e-16	2.85714	4	1.78571	0
1.063	-9.15783e-16	2.85714	4	1.78571	0
1.064	-9.15783e-16	2.85714	4	1.78571	0
1.065	-9.15783e-16	2.85714	4	1.78571	0
1.066	-9.15783e-16	2.85714	4	1.78571	0
1.067	-9.15783e-16	2.85714	4	1.78571	0
1.068	-9.15783e-16	2.85714	4	1.78571	0
1.069	-9.15783e-16	2.85714	4	1.78571	0
1.07	-9.15783e-16	2.85714	4	1.78571	0
1.071	-9.15783e-16	2.85714	4	1.78571	0
1.072	-9.15783e-16	2.85714	4	1.78571	0
1.073	-9.15783e-16	2.85714	4	1.78571	0
1.074	-9.15783e-16	2.85714	4	1.78571	0
1.075	-9.15783e-16	2.85714	4	1.78571	0
1.076	-9.15783e-16	2.85714	4	1.78571	0
1.077	-9.15783e-16	2.85714	4	1.78571	0
1.078	-9.15783e-16	2.85714	4	1.78571	0
1.079	-9.15783e-16	2.85714	4	1.78571	0
1.08	-9.15783e-16	2.85714	4	1.78571	0
1.081	-9.15783e-16	2.85714	4	1.78571	0
1.082	-9.15783e-16	2.85714	4	1.78571	0
1.083	-9.15783e-16	2.85714	4	1.78571	0
1.084	-9.15783e-16	2.85714	4	1.78571	0
1.085	-9.15783e-16	2.85714	4	1.78571	0
1.086	-9.15783e-16	2.85714	4	1.78571	0
1.087	-9.15783e-16	2.85714	4	1.78571	0
1.088	-9.15783e-16	2.85714	4	1.78571	0
1.089	-9.15783e-16	2.85714	4	1.78571	0
1.09	-9.15783e-16	2.85714	4	1.78571	0
1.091	-9.15783e-16	2.85714	4	1.78571	0
1.092	0	2.85714	4	1.78571	0
1.093	0	2.85714	4	1.78571	0
1.094	0	2.85714	4	1.78571	0
1.095	0	2.85714	4	1.78571	0
1.096	0	2.85714	4	1.78571	0
1.097	0	2.85714	4	1.78571	0
1.098	0	2.85714	4	1.78571	0
1.099	0	2.85714	4	1.78571	0
1.1	0	2.85714	4	1.78571	0
1.101	0	2.85714	4	1.78571	0
1.102	0	2.85714	4	1.78571	0
1.103	0	2.85714	4	1.78571	0
1.104	0	2.85714	4	1.78571	0
1.105	0	2.85714	4	1.78571	0
1.106	0	2.85714	4	1.78571	0
1.107	0	2.85714	4	1.78571	0
1.108	0	2.85714	4	1.78571	0
1.109	0	2.85714	4	1.78571	0
1.11	0	2.85714	4	1.78571	0
1.111	0	2.85714	4	1.78571	0
1.112	0	2.85714	4	1.78571	0
1.113	0	2.85714	4	1.78571	0
1.114	0	2.85714	4	1.78571	0
1.115	0	2.85714	4	1.78571	0
1.116	0	2.85714	4	1.78571	0
1.117	0	2.85714	4	1.78571	0
1.118	0	2.85714	4	1.78571	0
1.119	0	2.85714	4	1.78571	0
1.12	0	2.85714	4	1.78571	0
1.121	0	2.85714	4	1.78571	0
1.122	0	2.85714	4	1.78571	0
1.123	0	2.85714	4	1.78571	0
1.124	0	2.85714	4	1.78571	0
1.125	0	2.85714	4	1.78571	0
1.126	0	2.85714	4	1.78571	0
1.127	0	2.85714	4	1.78571	0
1.128	0	2.85714	4	1.78571	0
1.129	0	2.85714	4	1.78571	0
1.13	0	2.85714	4	1.78571	0
1.131	0	2.85714	4	1.78571	0
1.132	0	2.85714	4	1.78571	0
1.133	0	2.85714	4	1.78571	0
1.134	0	2.85714	4	1.78571	0
1.135	0	2.85714	4	1.78571	0
1.136	0	2.85714	4	1.78571	0
1.137	0	2.85714	4	1.78571	0
1.138	0	2.85714	4	1.78571	0
1.139	0	2.85714	4	1.78571	0
1.14	0	2.85714	4	1.78571	0
1.141	0	2.85714	4	1.78571	0
1.142	0	2.85714	4	1.78571	0
1.143	0	2.85714	4	1.78571	0
1.144	0	2.85714	4	1.78571	0
1.145	0	2.85714	4	1.78571	0
1.146	0	2.85714	4	1.78571	0
1.147	0	2.85714	4	1.78571	0
1.148	0	2.85714	4	1.78571	0
1.149	0	2.85714	4	1.78571	0
1.15	0	2.85714	4	1.78571	0
1.151	0	2.85714	4	1.78571	0
1.152	0	2.85714	4	1.78571	0
1.153	0	2.85714	4	1.78571	0
1.154	0	2.85714	4	1.78571	0
1.155	0	2.85714	4	1.78571	0
1.156	0	2.85714	4	1.78571	0
1.157	0	2.85714	4	1.78571	0
1.158	0	2.85714	4	1.78571	0
1.159	0	2.85714	4	1.78571	0
1.16	0	2.85714	4	1.78571	0
1.161	0	2.85714	4	1.78571	0
1.162	0	2.85714	4	1.78571	0
1.163	0	2.85714	4	1.78571	0
1.164	0	2.85714	4	1.78571	0
1.165	0	2.85714	4	1.78571	0
1.166	0	2.85714	4	1.78571	0
1.167	0	2.85714	4	1.78571	0
1.168	0	2.85714	4	1.78571	0
1.169	0	2.85714	4	1.78571	0
1.17	0	2.85714	4	1.78571	0
1.171	0	2.85714	4	1.78571	0
1.172	0	2.85714	4	1.78571	0
1.173	0	2.85714	4	1.78571	0
1.174	0	2.85714	4	1.78571	0
1.175	0	2.85714	4	1.78571	0
1.176	0	2.85714	4	1.78571	0
1.177	0	2.85714	4	1.78571	0
1.178	0	2.85714	4	1.78571	0
1.179	0	2.85714	4	1.78571	0
1.18	0	2.85714	4	1.78571	0
1.181	0	2.85714	4	1.78571	0
1.182	0	2.85714	4	1.78571	0
1.183	0	2.85714	4	1.78571	0
1.184	0	2.85714	4	1.78571	0
1.185	0	2.85714	4	1.78571	0
1.186	0	2.85714	4	1.78571	0
1.187	0	2.85714	4	1.78571	0
1.188	0	2.85714	4	1.78571	0
1.189	0	2.85714	4	1.78571	0
1.19	0	2.85714	4	1.78571	0
1.191	0	2.85714	4	1.78571	0
1.192	0	2.85714	4	1.78571	0
1.193	0	2.85714	4	1.78571	0
1.194	0	2.85714	4	1.78571	0
1.195	0	2.85714	4	1.78571	0
1.196	0	2.85714	4	1.78571	0
1.197	0	2.85714	4	1.78571	0
1.198	0	2.85714	4	1.78571	0
1.199	0	2.85714	4	1.78571	0
1.2	0	2.85714	4	1.78571	0
1.201	0	2.85714	4	1.78571	0
1.202	0	2.85714	4	1.78571	0
1.203	0	2.85714	4	1.78571	0
1.204	0	2.85714	4	1.78571	0
1.205	0	2.85714	4	1.78571	0
1.206	0	2.85714	4	1.78571	0
1.207	0	2.85714	4	1.78571	0
1.208	0	2.85714	4	1.78571	0
1.209	0	2.85714	4	1.78571	0
1.21	0	2.85714	4	1.78571	0
1.211	0	2.85714	4	1.78571	0
1.212	0	2.85714	4	1.78571	0
1.213	0	2.85714	4	1.78571	0
1.214	0	2.85714	4	1.78571	0
1.215	0	2.85714	4	1.78571	0
1.216	0	2.85714	4	1.78571	0
1.217	0	2.85714	4	1.78571	0
1.218	0	2.85714	4	1.78571	0
1.219	0	2.85714	4	1.78571	0
1.22	0	2.85714	4	1.78571	0
1.221	0	2.85714	4	1.78571	0
1.222	0	2.85714	4	1.78571	0
1.223	0	2.85714	4	1.78571	0
1.224	0	2.85714	4	1.78571	0
1.225	0	2.85714	4	1.78571	0
1.226	0	2.85714	4	1.78571	0
1.227	0	2.85714	4	1.78571	0
1.228	0	2.85714	4	1.78571	0
1.229	0	2.85714	4	1.78571	0
1.23	0	2.85714	4	1.78571	0
1.231	0	2.85714	4	1.78571	0
1.232	0	2.85714	4	1.78571	0
1.233	0	2.85714	4	1.78571	0
1.234	0	2.85714	4	1.78571	0
1.235	0	2.85714	4	1.78571	0
1.236	0	2.85714	4	1.78571	0
1.237	0	2.85714	4	1.78571	0
1.238	0	2.85714	4	1.78571	0
1.239	0	2.85714	4	1.78571	0
1.24	0	2.85714	4	1.78571	0
1.241	0	2.85714	4	1.78571	0
1.242	0	2.85714	4	1.78571	0
1.243	0	2.85714	4	1.78571	0
1.244	0	2.85714	4	1.78571	0
1.245	0	2.85714	4	1.78571	0
1.246	0	2.85714	4	1.78571	0
1.247	0	2.85714	4	1.78571	0
1.248	0	2.85714	4	1.78571	0
1.249	0	2.85714	4	1.78571	0
1.25	0	2.85714	4	1.78571	0
1.251	0	2.85714	4	1.78571	0
1.252	0	2.85714	4	1.78571	0
1.253	0	2.85714	4	1.78571	0
1.254	0	2.85714	4	1.78571	0
1.255	0	2.85714	4	1.78571	0
1.256	0	2.85714	4	1.78571	0
1.257	0	2.85714	4	1.78571	0
1.258	0	2.85714	4	1.78571	0
1.259	0	2.85714	4	1.78571	0
1.26	0	2.85714	4	1.78571	0
1.261	0	2.85714	4	1.78571	0
1.262	0	2.85714	4	1.78571	0
1.263	0	2.85714	4	1.78571	0
1.264	0	2.85714	4	1.78571	0
1.265	0	2.85714	4	1.78571	0
1.266	0	2.85714	4	1.78571	0
1.267	0	2.85714	4	1.78571	0
1.268	0	2.85714	4	1.78571	0
1.269	0	2.85714	4	1.78571	0
1.27	0	2.85714	4	1.78571	0
1.271	0	2.85714	4	1.78571	0
1.272	0	2.85714	4	1.78571	0
1.273	0	2.85714	4	1.78571	0
1.274	0	2.85714	4	1.78571	0
1.275	0	2.85714	4	1.78571	0
1.276	0	2.85714	4	1.78571	0
1.277	0	2.85714	4	1.78571	0
1.278	0	2.85714	4	1.78571	0
1.279	0	2.85714	4	1.78571	0
1.28	0	2.85714	4	1.78571	0
1.281	0	2.85714	4	1.78571	0
1.282	0	2.85714	4	1.78571	0
1.283	0	2.85714	4	1.78571	0
1.284	0	2.85714	4	1.78571	0
1.285	0	2.85714	4	1.78571	0
1.286	0	2.85714	4	1.78571	0
1.287	0	2.85714	4	1.78571	0
1.288	0	2.85714	4	1.78571	0
1.289	0	2.85714	4	1.78571	0
1.29	0	2.85714	4	1.78571	0
1.291	0	2.85714	4	1.78571	0
1.292	0	2.85714	4	1.78571	0
1.293	0	2.85714	4	1.78571	0
1.294	0	2.85714	4	1.78571	0
1.295	0	2.85714	4	1.78571	0
1.296	0	2.85714	4	1.78571	0
1.297	0	2.85714	4	1.78571	0
1.298	0	2.85714	4	1.78571	0
1.299	0	2.85714	4	1.78571	0
1.3	0	2.85714	4	1.78571	0
1.301	0	2.85714	4	1.78571	0
1.302	0	2.85714	4	1.78571	0
1.303	0	2.85714	4	1.78571	0
1.304	0	2.85714	4	1.78571	0
1.305	0	2.85714	4	1.78571	0
1.306	0	2.85714	4	1.78571	0
1.307	0	2.85714	4	1.78571	0
1.308	0	2.85714	4	1.78571	0
1.309	0	2.85714	4	1.78571	0
1.31	0	2.85714	4	1.78571	0
1.311	0	2.85714	4	1.78571	0
1.312	0	2.85714	4	1.78571	0
1.313	0	2.85714	4	1.78571	0
1.314	0	2.85714	4	1.78571	0
1.315	0	2.85714	4	1.78571	0
1.316	0	2.85714	4	1.78571	0
1.317	0	2.85714	4	1.78571	0
1.318	0	2.85714	4	1.78571	0
1.319	0	2.85714	4	1.78571	0
1.32	0	2.85714	4	1.78571	0
1.321	0	2.85714	4	1.78571	0
1.322	0	2.85714	4	1.78571	0
1.323	0	2.85714	4	1.78571	0
1.324	0	2.85714	4	1.78571	0
1.325	0	2.85714	4	1.78571	0
1.326	0	2.85714	4	1.78571	0
1.327	0	2.85714	4	1.78571	0
1.328	0	2.85714	4	1.78571	0
1.329	0	2.85714	4	1.78571	0
1.33	0	2.85714	4	1.78571	0
1.331	0	2.85714	4	1.78571	0
1.332	0	2.85714	4	1.78571	0
1.333	0	2.85714	4	1.78571	0
1.334	0	2.85714	4	1.78571	0
1.335	0	2.85714	4	1.78571	0
1.336	0	2.85714	4	1.78571	0
1.337	0	2.85714	4	1.78571	0
1.338	0	2.85714	4	1.78571	0
1.339	0	2.85714	4	1.78571	0
1.34	0	2.85714	4	1.78571	0
1.341	0	2.85714	4	1.78571	0
1.342	0	2.85714	4	1.78571	0
1.343	0	2.85714	4	1.78571	0
1.344	0	2.85714	4	1.78571	0
1.345	0	2.85714	4	1.78571	0
1.346	0	2.85714	4	1.78571	0
1.347	0	2.85714	4	1.78571	0
1.348	0	2.85714	4	1.78571	0
1.349	0	2.85714	4	1.78571	0
1.35	0	2.85714	4	1.78571	0
1.351	0	2.85714	4	1.78571	0
1.352	0	2.85714	4	1.78571	0
1.353	0	2.85714	4	1.78571	0
1.354	0	2.85714	4	1.78571	0
1.355	0	2.85714	4	1.78571	0
1.356	0	2.85714	4	1.78571	0
1.357	0	2.85714	4	1.78571	0
1.358	0	2.85714	4	1.78571	0
1.359	0	2.85714	4	1.78571	0
1.36	0	2.85714	4	1.78571	0
1.361	0	2.85714	4	1.78571	0
1.362	0	2.85714	4	1.78571	0
1.363	0	2.85714	4	1.78571	0
1.364	0	2.85714	4	1.78571	0
1.365	0	2.85714	4	1.78571	0
1.366	0	2.85714	4	1.78571	0
1.367	0	2.85714	4	1.78571	0
1.368	0	2.85714	4	1.78571	0
1.369	0	2.85714	4	1.78571	0
1.37	0	2.85714	4	1.78571	0
1.371	0	2.85714	4	1.78571	0
1.372	0	2.85714	4	1.78571	0
1.373	0	2.85714	4	1.78571	0
1.374	0	2.85714	4	1.78571	0
1.375	0	2.85714	4	1.78571	0
1.376	0	2.85714	4	1.78571	0
1.377	0	2.85714	4	1.78571	0
1.378	0	2.85714	4	1.78571	0
1.379	0	2.85714	4	1.78571	0
1.38	0	2.85714	4	1.78571	0
1.381	0	2.85714	4	1.78571	0
1.382	0	2.85714	4	1.78571	0
1.383	0	2.85714	4	1.78571	0
1.384	0	2.85714	4	1.78571	0
1.385	0	2.85714	4	1.78571	0
1.386	0	2.85714	4	1.78571	0
1.387	0	2.85714	4	1.78571	0
1.388	0	2.85714	4	1.78571	0
1.389	0	2.85714	4	1.78571	0
1.39	0	2.85714	4	1.78571	0
1.391	0	2.85714	4	1.78571	0
1.392	0	2.85714	4	1.78571	0
1.393	0	2.85714	4	1.78571	0
1.394	0	2.85714	4	1.78571	0
1.395	0	2.85714	4	1.78571	0
1.396	0	2.85714	4	1.78571	0
1.397	0	2.85714	4	1.78571	0
1.398	0	2.85714	4	1.78571	0
1.399	0	2.85714	4	1.78571	0
1.4	0	2.85714	4	1.78571	0
1.401	0	2.85714	4	1.78571	0
1.402	0	2.85714	4	1.78571	0
1.403	0	2.85714	4	1.78571	0
1.404	0	2.85714	4	1.78571	0
1.405	0	2.85714	4	1.78571	0
1.406	0	2.85714	4	1.78571	0
1.407	0	2.85714	4	1.78571	0
1.408	0	2.85714	4	1.78571	0
1.409	0	2.85714	4	1.78571	0
1.41	0	2.85714	4	1.78571	0
1.411	0	2.85714	4	1.78571	0
1.412	0	2.85714	4	1.78571	0
1.413	0	2.85714	4	1.78571	0
1.414	0	2.85714	4	1.78571	0
1.415	0	2.85714	4	1.78571	0
1.416	0	2.85714	4	1.78571	0
1.417	0	2.85714	4	1.78571	0
1.418	0	2.85714	4	1.78571	0
1.419	0	2.85714	4	1.78571	0
1.42	0	2.85714	4	1.78571	0
1.421	0	2.85714	4	1.78571	0
1.422	0	2.85714	4	1.78571	0
1.423	0	2.85714	4	1.78571	0
1.424	0	2.85714	4	1.78571	0
1.425	0	2.85714	4	1.78571	0
1.426	0	2.85714	4	1.78571	0
1.427	0	2.85714	4	1.78571	0
1.428	0	2.85714	4	1.78571	0
1.429	0	2.85714	4	1.78571	0
1.43	0	2.85714	4	1.78571	0
1.431	0	2.85714	4	1.78571	0
1.432	0	2.85714	4	1.78571	0
1.433	0	2.85714	4	1.78571	0
1.434	0	2.85714	4	1.78571	0
1.435	0	2.85714	4	1.78571	0
1.436	0	2.85714	4	1.78571	0
1.437	0	2.85714	4	1.78571	0
1.438	0	2.85714	4	1.78571	0
1.439	0	2.85714	4	1.78571	0
1.44	0	2.85714	4	1.78571	0
1.441	0	2.85714	4	1.78571	0
1.442	0	2.85714	4	1.78571	0
1.443	0	2.85714	4	1.78571	0
1.444	0	2.85714	4	1.78571	0
1.445	0	2.85714	4	1.78571	0
1.446	0	2.85714	4	1.78571	0
1.447	0	2.85714	4	1.78571	0
1.448	0	2.85714	4	1.78571	0
1.449	0	2.85714	4	1.78571	0
1.45	0	2.85714	4	1.78571	0
1.451	0	2.85714	4	1.78571	0
1.452	0	2.85714	4	1.78571	0
1.453	0	2.85714	4	1.78571	0
1.454	0	2.85714	4	1.78571	0
1.455	0	2.85714	4	1.78571	0
1.456	0	2.85714	4	1.78571	0
1.457	0	2.85714	4	1.78571	0
1.458	0	2.85714	4	1.78571	0
1.459	0	2.85714	4	1.78571	0
1.46	0	2.85714	4	1.78571	0
1.461	0	2.85714	4	1.78571	0
1.462	0	2.85714	4	1.78571	0
1.463	0	2.85714	4	1.78571	0
1.464	0	2.85714	4	1.78571	0
1.465	0	2.85714	4	1.78571	0
1.466	0	2.85714	4	1.78571	0
1.467	0	2.85714	4	1.78571	0
1.468	0	2.85714	4	1.78571	0
1.469	0	2.85714	4	1.78571	0
1.47	0	2.85714	4	1.78571	0
1.471	0	2.85714	4	1.78571	0
1.472	0	2.85714	4	1.78571	0
1.473	0	2.85714	4	1.78571	0
1.474	0	2.85714	4	1.78571	0
1.475	0	2.85714	4	1.78571	0
1.476	0	2.85714	4	1.78571	0
1.477	0	2.85714	4	1.78571	0
1.478	0	2.85714	4	1.78571	0
1.479	0	2.85714	4	1.78571	0
1.48	0	2.85714	4	1.78571	0
1.481	0	2.85714	4	1.78571	0
1.482	0	2.85714	4	1.78571	0
1.483	0	2.85714	4	1.78571	0
1.484	0	2.85714	4	1.78571	0
1.485	0	2.85714	4	1.78571	0
1.486	0	2.85714	4	1.78571	0
1.487	0	2.85714	4	1.78571	0
1.488	0	2.85714	4	1.78571	0
1.489	0	2.85714	4	1.78571	0
1.49	0	2.85714	4	1.78571	0
1.491	0	2.85714	4	1.78571	0
1.492	0	2.85714	4	1.78571	0
1.493	0	2.85714	4	1.78571	0
1.494	0	2.85714	4	1.78571	0
1.495	0	2.85714	4	1.78571	0
1.496	0	2.85714	4	1.78571	0
1.497	0	2.85714	4	1.78571	0
1.498	0	2.85714	4	1.78571	0
1.499	0	2.85714	4	1.78571	0
1.5	0	2.85714	4	1.78571	0
1.501	0	2.85714	4	1.78571	0
1.502	0	2.85714	4	1.78571	0
1.503	0	2.85714	4	1.78571	0
1.504	0	2.85714	4	1.78571	0
1.505	0	2.85714	4	1.78571	0
1.506	0	2.85714	4	1.78571	0
1.507	0	2.85714	4	1.78571	0
1.508	0	2.85714	4	1.78571	0
1.509	0	2.85714	4	1.78571	0
1.51	0	2.85714	4	1.78571	0
1.511	0	2.85714	4	1.78571	0
1.512	0	2.85714	4	1.78571	0
1.513	0	2.85714	4	1.78571	0
1.514	0	2.85714	4	1.78571	0
1.515	0	2.85714	4	1.78571	0
1.516	0	2.85714	4	1.78571	0
1.517	0	2.85714	4	1.78571	0
1.518	0	2.85714	4	1.78571	0
1.519	0	2.85714	4	1.78571	0
1.52	0	2.85714	4	1.78571	0
1.521	0	2.85714	4	1.78571	0
1.522	0	2.85714	4	1.78571	0
1.523	0	2.85714	4	1.78571	0
1.524	0	2.85714	4	1.78571	0
1.525	0	2.85714	4	1.78571	0
1.526	0	2.85714	4	1.78571	0
1.527	0	2.85714	4	1.78571	0
1.528	0	2.85714	4	1.78571	0
1.529	0	2.85714	4	1.78571	0
1.53	0	2.85714	4	1.78571	0
1.531	0	2.85714	4	1.78571	0
1.532	0	2.85714	4	1.78571	0
1.533	0	2.85714	4	1.78571	0
1.534	0	2.85714	4	1.78571	0
1.535	0	2.85714	4	1.78571	0
1.536	0	2.85714	4	1.78571	0
1.537	0	2.85714	4	1.78571	0
1.538	0	2.85714	4	1.78571	0
1.539	0	2.85714	4	1.78571	0
1.54	0	2.85714	4	1.78571	0
1.541	0	2.85714	4	1.78571	0
1.542	0	2.85714	4	1.78571	0
1.543	0	2.85714	4	1.78571	0
1.544	0	2.85714	4	1.78571	0
1.545	0	2.85714	4	1.78571	0
1.546	0	2.85714	4	1.78571	0
1.547	0	2.85714	4	1.78571	0
1.548	0	2.85714	4	1.78571	0
1.549	0	2.85714	4	1.78571	0
1.55	0	2.85714	4	1.78571	0
1.551	0	2.85714	4	1.78571	0
1.552	0	2.85714	4	1.78571	0
1.553	0	2.85714	4	1.78571	0
1.554	0	2.85714	4	1.78571	0
1.555	0	2.85714	4	1.78571	0
1.556	0	2.85714	4	1.78571	0
1.557	0	2.85714	4	1.78571	0
1.558	0	2.85714	4	1.78571	0
1.559	0	2.85714	4	1.78571	0
1.56	0	2.85714	4	1.78571	0
1.561	0	2.85714	4	1.78571	0
1.562	0	2.85714	4	1.78571	0
1.563	0	2.85714	4	1.78571	0
1.564	0	2.85714	4	1.78571	0
1.565	0	2.85714	4	1.78571	0
1.566	0	2.85714	4	1.78571	0
1.567	0	2.85714	4	1.78571	0
1.568	0	2.85714	4	1.78571	0
1.569	0	2.85714	4	1.78571	0
1.57	0	2.85714	4	1.78571	0
1.571	0	2.85714	4	1.78571	0
1.572	0	2.85714	4	1.78571	0
1.573	0	2.85714	4	1.78571	0
1.574	0	2.85714	4	1.78571	0
1.575	0	2.85714	4	1.78571	0
1.576	0	2.85714	4	1.78571	0
1.577	0	2.85714	4	1.78571	0
1.578	0	2.85714	4	1.78571	0
1.579	0	2.85714	4	1.78571	0
1.58	0	2.85714	4	1.78571	0
1.581	0	2.85714	4	1.78571	0
1.582	0	2.85714	4	1.78571	0
1.583	0	2.85714	4	1.78571	0
1.584	0	2.85714	4	1.78571	0
1.585	0	2.85714	4	1.78571	0
1.586	0	2.85714	4	1.78571	0
1.587	0	2.85714	4	1.78571	0
1.588	0	2.85714	4	1.78571	0
1.589	0	2.85714	4	1.78571	0
1.59	0	2.85714	4	1.78571	0
1.591	0	2.85714	4	1.78571	0
1.592	0	2.85714	4	1.78571	0
1.593	0	2.85714	4	1.78571	0
1.594	0	2.85714	4	1.78571	0
1.595	0	2.85714	4	1.78571	0
1.596	0	2.85714	4	1.78571	0
1.597	0	2.85714	4	1.78571	0
1.598	0	2.85714	4	1.78571	0
1.599	0	2.85714	4	1.78571	0
1.6	0	2.85714	4	1.78571	0
1.601	0	2.85714	4	1.78571	0
1.602	0	2.85714	4	1.78571	0
1.603	0	2.85714	4	1.78571	0
1.604	0	2.85714	4	1.78571	0
1.605	0	2.85714	4	1.78571	0
1.606	0	2.85714	4	1.78571	0
1.607	0	2.85714	4	1.78571	0
1.608	0	2.85714	4	1.78571	0
1.609	0	2.85714	4	1.78571	0
1.61	0	2.85714	4	1.78571	0
1.611	0	2.85714	4	1.78571	0
1.612	0	2.85714	4	1.78571	0
1.613	0	2.85714	4	1.78571	0
1.614	0	2.85714	4	1.78571	0
1.615	0	2.85714	4	1.78571	0
1.616	0	2.85714	4	1.78571	0
1.617	0	2.85714	4	1.78571	0
1.618	0	2.85714	4	1.78571	0
1.619	0	2.85714	4	1.78571	0
1.62	0	2.85714	4	1.78571	0
1.621	0	2.85714	4	1.78571	0
1.622	0	2.85714	4	1.78571	0
1.623	0	2.85714	4	1.78571	0
1.624	0	2.85714	4	1.78571	0
1.625	0	2.85714	4	1.78571	0
1.626	0	2.85714	4	1.78571	0
1.627	0	2.85714	4	1.78571	0
1.628	0	2.85714	4	1.78571	0
1.629	0	2.85714	4	1.78571	0
1.63	0	2.85714	4	1.78571	0
1.631	0	2.85714	4	1.78571	0
1.632	0	2.85714	4	1.78571	0
1.633	0	2.85714	4	1.78571	0
1.634	0	2.85714	4	1.78571	0
1.635	0	2.85714	4	1.78571	0
1.636	0	2.85714	4	1.78571	0
1.637	0	2.85714	4	1.78571	0
1.638	0	2.85714	4	1.78571	0
1.639	0	2.85714	4	1.78571	0
1.64	0	2.85714	4	1.78571	0
1.641	0	2.85714	4	1.78571	0
1.642	0	2.85714	4	1.78571	0
1.643	0	2.85714	4	1.78571	0
1.644	0	2.85714	4	1.78571	0
1.645	0	2.85714	4	1.78571	0
1.646	0	2.85714	4	1.78571	0
1.647	0	2.85714	4	1.78571	0
1.648	0	2.85714	4	1.78571	0
1.649	0	2.85714	4	1.78571	0
1.65	0	2.85714	4	1.78571	0
1.651	0	2.85714	4	1.78571	0
1.652	0	2.85714	4	1.78571	0
1.653	0	2.85714	4	1.78571	0
1.654	0	2.85714	4	1.78571	0
1.655	0	2.85714	4	1.78571	0
1.656	0	2.85714	4	1.78571	0
1.657	0	2.85714	4	1.78571	0
1.658	0	2.85714	4	1.78571	0
1.659	0	2.85714	4	1.78571	0
1.66	0	2.85714	4	1.78571	0
1.661	0	2.85714	4	1.78571	0
1.662	0	2.85714	4	1.78571	0
1.663	0	2.85714	4	1.78571	0
1.664	0	2.85714	4	1.78571	0
1.665	0	2.85714	4	1.78571	0
1.666	0	2.85714	4	1.78571	0
1.667	0	2.85714	4	1.78571	0
1.668	0	2.85714	4	1.78571	0
1.669	0	2.85714	4	1.78571	0
1.67	0	2.85714	4	1.78571	0
1.671	0	2.85714	4	1.78571	0
1.672	0	2.85714	4	1.78571	0
1.673	0	2.85714	4	1.78571	0
1.674	0	2.85714	4	1.78571	0
1.675	0	2.85714	4	1.78571	0
1.676	0	2.85714	4	1.78571	0
1.677	0	2.85714	4	1.78571	0
1.678	0	2.85714	4	1.78571	0
1.679	0	2.85714	4	1.78571	0
1.68	0	2.85714	4	1.78571	0
1.681	0	2.85714	4	1.78571	0
1.682	0	2.85714	4	1.78571	0
1.683	0	2.85714	4	1.78571	0
1.684	0	2.85714	4	1.78571	0
1.685	0	2.85714	4	1.78571	0
1.686	0	2.85714	4	1.78571	0
1.687	0	2.85714	4	1.78571	0
1.688	0	2.85714	4	1.78571	0
1.689	0	2.85714	4	1.78571	0
1.69	0	2.85714	4	1.78571	0
1.691	0	2.85714	4	1.78571	0
1.692	0	2.85714	4	1.78571	0
1.693	0	2.85714	4	1.78571	0
1.694	0	2.85714	4	1.78571	0
1.695	0	2.85714	4	1.78571	0
1.696	0	2.85714	4	1.78571	0
1.697	0	2.85714	4	1.78571	0
1.698	0	2.85714	4	1.78571	0
1.699	0	2.85714	4	1.78571	0
1.7	0	2.85714	4	1.78571	0
1.701	0	2.85714	4	1.78571	0
1.702	0	2.85714	4	1.78571	0
1.703	0	2.85714	4	1.78571	0
1.704	0	2.85714	4	1.78571	0
1.705	0	2.85714	4	1.78571	0
1.706	0	2.85714	4	1.78571	0
1.707	0	2.85714	4	1.78571	0
1.708	0	2.85714	4	1.78571	0
1.709	0	2.85714	4	1.78571	0
1.71	0	2.85714	4	1.78571	0
1.711	0	2.85714	4	1.78571	0
1.712	0	2.85714	4	1.78571	0
1.713	0	2.85714	4	1.78571	0
1.714	0	2.85714	4	1.78571	0
1.715	0	2.85714	4	1.78571	0
1.716	0	2.85714	4	1.78571	0
1.717	0	2.85714	4	1.78571	0
1.718	0	2.85714	4	1.78571	0
1.719	0	2.85714	4	1.78571	0
1.72	0	2.85714	4	1.78571	0
1.721	0	2.85714	4	1.78571	0
1.722	0	2.85714	4	1.78571	0
1.723	0	2.85714	4	1.78571	0
1.724	0	2.85714	4	1.78571	0
1.725	0	2.85714	4	1.78571	0
1.726	0	2.85714	4	1.78571	0
1.727	0	2.85714	4	1.78571	0
1.728	0	2.85714	4	1.78571	0
1.729	0	2.85714	4	1.78571	0
1.73	0	2.85714	4	1.78571	0
1.731	0	2.85714	4	1.78571	0
1.732	0	2.85714	4	1.78571	0
1.733	0	2.85714	4	1.78571	0
1.734	0	2.85714	4	1.78571	0
1.735	0	2.85714	4	1.78571	0
1.736	0	2.85714	4	1.78571	0
1.737	0	2.85714	4	1.78571	0
1.738	0	2.85714	4	1.78571	0
1.739	0	2.85714	4	1.78571	0
1.74	0	2.85714	4	1.78571	0
1.741	0	2.85714	4	1.78571	0
1.742	0	2.85714	4	1.78571	0
1.743	0	2.85714	4	1.78571	0
1.744	0	2.85714	4	1.78571	0
1.745	0	2.85714	4	1.78571	0
1.746	0	2.85714	4	1.78571	0
1.747	0	2.85714	4	1.78571	0
1.748	0	2.85714	4	1.78571	0
1.749	0	2.85714	4	1.78571	0
1.75	0	2.85714	4	1.78571	0
1.751	0	2.85714	4	1.78571	0
1.752	0	2.85714	4	1.78571	0
1.753	0	2.85714	4	1.78571	0
1.754	0	2.85714	4	1.78571	0
1.755	0	2.85714	4	1.78571	0
1.756	0	2.85714	4	1.78571	0
1.757	0	2.85714	4	1.78571	0
1.758	0	2.85714	4	1.78571	0
1.759	0	2.85714	4	1.78571	0
1.76	0	2.85714	4	1.78571	0
1.761	0	2.85714	4	1.78571	0
1.762	0	2.85714	4	1.78571	0
1.763	0	2.85714	4	1.78571	0
1.764	0	2.85714	4	1.78571	0
1.765	0	2.85714	4	1.78571	0
1.766	0	2.85714	4	1.78571	0
1.767	0	2.85714	4	1.78571	0
1.768	0	2.85714	4	1.78571	0
1.769	0	2.85714	4	1.78571	0
1.77	0	2.85714	4	1.78571	0
1.771	0	2.85714	4	1.78571	0
1.772	0	2.85714	4	1.78571	0
1.773	0	2.85714	4	1.78571	0
1.774	0	2.85714	4	1.78571	0
1.775	0	2.85714	4	1.78571	0
1.776	0	2.85714	4	1.78571	0
1.777	0	2.85714	4	1.78571	0
1.778	0	2.85714	4	1.78571	0
1.779	0	2.85714	4	1.78571	0
1.78	0	2.85714	4	1.78571	0
1.781	0	2.85714	4	1.78571	0
1.782	0	2.85714	4	1.78571	0
1.783	0	2.85714	4	1.78571	0
1.784	0	2.85714	4	1.78571	0
1.785	0	2.85714	4	1.78571	0
1.786	0	2.85714	4	1.78571	0
1.787	0	2.85714	4	1.78571	0
1.788	0	2.85714	4	1.78571	0
1.789	0	2.85714	4	1.78571	0
1.79	0	2.85714	4	1.78571	0
1.791	0	2.85714	4	1.78571	0
1.792	0	2.85714	4	1.78571	0
1.793	0	2.85714	4	1.78571	0
1.794	0	2.85714	4	1.78571	0
1.795	0	2.85714	4	1.78571	0
1.796	0	2.85714	4	1.78571	0
1.797	0	2.85714	4	1.78571	0
1.798	0	2.85714	4	1.78571	0
1.799	0	2.85714	4	1.78571	0
1.8	0	2.85714	4	1.78571	0
1.801	0	2.85714	4	1.78571	0
1.802	0	2.85714	4	1.78571	0
1.803	0	2.85714	4	1.78571	0
1.804	0	2.85714	4	1.78571	0
1.805	0	2.85714	4	1.78571	0
1.806	0	2.85714	4	1.78571	0
1.807	0	2.85714	4	1.78571	0
1.808	0	2.85714	4	1.78571	0
1.809	0	2.85714	4	1.78571	0
1.81	0	2.85714	4	1.78571	0
1.811	0	2.85714	4	1.78571	0
1.812	0	2.85714	4	1.78571	0
1.813	0	2.85714	4	1.78571	0
1.814	0	2.85714	4	1.78571	0
1.815	0	2.85714	4	1.78571	0
1.816	0	2.85714	4	1.78571	0
1.817	0	2.85714	4	1.78571	0
1.818	0	2.85714	4	1.78571	0
1.819	0	2.85714	4	1.78571	0
1.82	0	2.85714	4	1.78571	0
1.821	0	2.85714	4	1.78571	0
1.822	0	2.85714	4	1.78571	0
1.823	0	2.85714	4	1.78571	0
1.824	0	2.85714	4	1.78571	0
1.825	0	2.85714	4	1.78571	0
1.826	0	2.85714	4	1.78571	0
1.827	0	2.85714	4	1.78571	0
1.828	0	2.85714	4	1.78571	0
1.829	0	2.85714	4	1.78571	0
1.83	0	2.85714	4	1.78571	0
1.831	0	2.85714	4	1.78571	0
1.832	0	2.85714	4	1.78571	0
1.833	0	2.85714	4	1.78571	0
1.834	0	2.85714	4	1.78571	0
1.835	0	2.85714	4	1.78571	0
1.836	0	2.85714	4	1.78571	0
1.837	0	2.85714	4	1.78571	0
1.838	0	2.85714	4	1.78571	0
1.839	0	2.85714	4	1.78571	0
1.84	0	2.85714	4	1.78571	0
1.841	0	2.85714	4	1.78571	0
1.842	0	2.85714	4	1.78571	0
1.843	0	2.85714	4	1.78571	0
1.844	0	2.85714	4	1.78571	0
1.845	0	2.85714	4	1.78571	0
1.846	0	2.85714	4	1.78571	0
1.847	0	2.85714	4	1.78571	0
1.848	0	2.85714	4	1.78571	0
1.849	0	2.85714	4	1.78571	0
1.85	0	2.85714	4	1.78571	0
1.851	0	2.85714	4	1.78571	0
1.852	0	2.85714	4	1.78571	0
1.853	0	2.85714	4	1.78571	0
1.854	0	2.85714	4	1.78571	0
1.855	0	2.85714	4	1.78571	0
1.856	0	2.85714	4	1.78571	0
1.857	0	2.85714	4	1.78571	0
1.858	0	2.85714	4	1.78571	0
1.859	0	2.85714	4	1.78571	0
1.86	0	2.85714	4	1.78571	0
1.861	0	2.85714	4	1.78571	0
1.862	0	2.85714	4	1.78571	0
1.863	0	2.85714	4	1.78571	0
1.864	0	2.85714	4	1.78571	0
1.865	0	2.85714	4	1.78571	0
1.866	0	2.85714	4	1.78571	0
1.867	0	2.85714	4	1.78571	0
1.868	0	2.85714	4	1.78571	0
1.869	0	2.85714	4	1.78571	0
1.87	0	2.85714	4	1.78571	0
1.871	0	2.85714	4	1.78571	0
1.872	0	2.85714	4	1.78571	0
1.873	0	2.85714	4	1.78571	0
1.874	0	2.85714	4	1.78571	0
1.875	0	2.85714	4	1.78571	0
1.876	0	2.85714	4	1.78571	0
1.877	0	2.85714	4	1.78571	0
1.878	0	2.85714	4	1.78571	0
1.879	0	2.85714	4	1.78571	0
1.88	0	2.85714	4	1.78571	0
1.881	0	2.85714	4	1.78571	0
1.882	0	2.85714	4	1.78571	0
1.883	0	2.85714	4	1.78571	0
1.884	0	2.85714	4	1.78571	0
1.885	0	2.85714	4	1.78571	0
1.886	0	2.85714	4	1.78571	0
1.887	0	2.85714	4	1.78571	0
1.888	0	2.85714	4	1.78571	0
1.889	0	2.85714	4	1.78571	0
1.89	0	2.85714	4	1.78571	0
1.891	0	2.85714	4	1.78571	0
1.892	0	2.85714	4	1.78571	0
1.893	0	2.85714	4	1.78571	0
1.894	0	2.85714	4	1.78571	0
1.895	0	2.85714	4	1.78571	0
1.896	0	2.85714	4	1.78571	0
1.897	0	2.85714	4	1.78571	0
1.898	0	2.85714	4	1.78571	0
1.899	0	2.85714	4	1.78571	0
1.9	0	2.85714	4	1.78571	0
1.901	0	2.85714	4	1.78571	0
1.902	0	2.85714	4	1.78571	0
1.903	0	2.85714	4	1.78571	0
1.904	0	2.85714	4	1.78571	0
1.905	0	2.85714	4	1.78571	0
1.906	0	2.85714	4	1.78571	0
1.907	0	2.85714	4	1.78571	0
1.908	0	2.85714	4	1.78571	0
1.909	0	2.85714	4	1.78571	0
1.91	0	2.85714	4	1.78571	0
1.911	0	2.85714	4	1.78571	0
1.912	0	2.85714	4	1.78571	0
1.913	0	2.85714	4	1.78571	0
1.914	0	2.85714	4	1.78571	0
1.915	0	2.85714	4	1.78571	0
1.916	0	2.85714	4	1.78571	0
1.917	0	2.85714	4	1.78571	0
1.918	0	2.85714	4	1.78571	0
1.919	0	2.85714	4	1.78571	0
1.92	0	2.85714	4	1.78571	0
1.921	0	2.85714	4	1.78571	0
1.922	0	2.85714	4	1.78571	0
1.923	0	2.85714	4	1.78571	0
1.924	0	2.85714	4	1.78571	0
1.925	0	2.85714	4	1.78571	0
1.926	0	2.85714	4	1.78571	0
1.927	0	2.85714	4	1.78571	0
1.928	0	2.85714	4	1.78571	0
1.929	0	2.85714	4	1.78571	0
1.93	0	2.85714	4	1.78571	0
1.931	0	2.85714	4	1.78571	0
1.932	0	2.85714	4	1.78571	0
1.933	0	2.85714	4	1.78571	0
1.934	0	2.85714	4	1.78571	0
1.935	0	2.85714	4	1.78571	0
1.936	0	2.85714	4	1.78571	0
1.937	0	2.85714	4	1.78571	0
1.938	0	2.85714	4	1.78571	0
1.939	0	2.85714	4	1.78571	0
1.94	0	2.85714	4	1.78571	0
1.941	0	2.85714	4	1.78571	0
1.942	0	2.85714	4	1.78571	0
1.943	0	2.85714	4	1.78571	0
1.944	0	2.85714	4	1.78571	0
1.945	0	2.85714	4	1.78571	0
1.946	0	2.85714	4	1.78571	0
1.947	0	2.85714	4	1.78571	0
1.948	0	2.85714	4	1.78571	0
1.949	0	2.85714	4	1.78571	0
1.95	0	2.85714	4	1.78571	0
1.951	0	2.85714	4	1.78571	0
1.952	0	2.85714	4	1.78571	0
1.953	0	2.85714	4	1.78571	0
1.954	0	2.85714	4	1.78571	0
1.955	0	2.85714	4	1.78571	0
1.956	0	2.85714	4	1.78571	0
1.957	0	2.85714	4	1.78571	0
1.958	0	2.85714	4	1.78571	0
1.959	0	2.85714	4	1.78571	0
1.96	0	2.85714	4	1.78571	0
1.961	0	2.85714	4	1.78571	0
1.962	0	2.85714	4	1.78571	0
1.963	0	2.85714	4	1.78571	0
1.964	0	2.85714	4	1.78571	0
1.965	0	2.85714	4	1.78571	0
1.966	0	2.85714	4	1.78571	0
1.967	0	2.85714	4	1.78571	0
1.968	0	2.85714	4	1.78571	0
1.969	0	2.85714	4	1.78571	0
1.97	0	2.85714	4	1.78571	0
1.971	0	2.85714	4	1.78571	0
1.972	0	2.85714	4	1.78571	0
1.973	0	2.85714	4	1.78571	0
1.974	0	2.85714	4	1.78571	0
1.975	0	2.85714	4	1.78571	0
1.976	0	2.85714	4	1.78571	0
1.977	0	2.85714	4	1.78571	0
1.978	0	2.85714	4	1.78571	0
1.979	0	2.85714	4	1.78571	0
1.98	0	2.85714	4	1.78571	0
1.981	0	2.85714	4	1.78571	0
1.982	0	2.85714	4	1.78571	0
1.983	0	2.85714	4	1.78571	0
1.984	0	2.85714	4	1.78571	0
1.985	0	2.85714	4	1.78571	0
1.986	0	2.85714	4	1.78571	0
1.987	0	2.85714	4	1.78571	0
1.988	0	2.85714	4	1.78571	0
1.989	0	2.85714	4	1.78571	0
1.99	0	2.85714	4	1.78571	0
1.991	0	2.85714	4	1.78571	0
1.992	0	2.85714	4	1.78571	0
1.993	0	2.85714	4	1.78571	0
1.994	0	2.85714	4	1.78571	0
1.995	0	2.85714	4	1.78571	0
1.996	0	2.85714	4	1.78571	0
1.997	0	2.85714	4	1.78571	0
1.998	0	2.85714	4	1.78571	0
1.999	0	2.85714	4	1.78571	0
