time	tau
0	0.0006
0.0006	5.52446e-05
0.000655245	6.62935e-05
0.000721538	7.95522e-05
0.00080109	9.54627e-05
0.000896553	0.000109052
0.00100561	0.000102944
0.00110855	0.000107054
0.0012156	0.000116158
0.00133176	0.000130205
0.00146197	0.000134895
0.00159686	0.000134394
0.00173126	0.000140156
0.00187141	0.00015151
0.00202292	0.000149202
0.00217212	0.000149437
0.00232156	0.000155954
0.00247751	0.000159939
0.00263745	0.00015603
0.00279348	0.00015972
0.0029532	0.000166441
0.00311964	0.000160163
0.00327981	0.000162387
0.00344219	0.000169851
0.00361204	0.000162563
0.00377461	0.000164261
0.00393887	0.000171259
0.00411013	0.000163899
0.00427403	0.000165687
0.00443971	0.000171504
0.00461122	0.000164649
0.00477587	0.000166948
0.00494282	0.000171154
0.00511397	0.000165124
0.00527909	0.000168294
0.00544739	0.000170582
0.00561797	0.00016545
0.00578342	0.000170109
0.00595353	0.000170097
0.00612363	0.00016535
0.00628898	0.000173663
0.00646264	0.000170324
0.00663296	0.000162953
0.00679592	0.000177909
0.00697383	0.000157901
0.00713173	0.000153837
0.00728556	0.00015622
0.00744178	0.000149486
0.00759127	0.000152181
0.00774345	0.000175038
0.00791849	0.000157534
0.00807602	0.000153791
0.00822981	0.000172093
0.00840191	0.00015485
0.00855676	0.00015381
0.00871057	0.000172144
0.00888271	0.000155462
0.00903817	0.000154677
0.00919285	0.000173437
0.00936629	0.000156419
0.00952271	0.000155551
0.00967826	0.00017328
0.00985154	0.000156951
0.0100085	0.000156407
0.0101649	0.000173409
0.0103383	0.000157586
0.0104959	0.000157255
0.0106531	0.000174138
0.0108273	0.000158385
0.0109857	0.000158087
0.0111438	0.000174896
0.0113186	0.000159187
0.0114778	0.000158893
0.0116367	0.000175698
0.0118124	0.000159998
0.0119724	0.000159666
0.0121321	0.000176553
0.0123086	0.000160812
0.0124695	0.000160405
0.0126299	0.000177448
0.0128073	0.000161623
0.0129689	0.00016111
0.01313	0.000178365
0.0133084	0.000162421
0.0134708	0.000161782
0.0136326	0.000179293
0.0138119	0.000163198
0.0139751	0.000162422
0.0141375	0.000180215
0.0143177	0.000163944
0.0144817	0.000163033
0.0146447	0.000180398
0.0148251	0.000164893
0.01499	0.000163781
0.0151538	0.000180354
0.0153341	0.000166073
0.0155002	0.000164624
0.0156648	0.000180329
0.0158452	0.000167143
0.0160123	0.000165427
0.0161777	0.000180302
0.016358	0.000168124
0.0165262	0.000166197
0.0166924	0.000180278
0.0168726	0.00016895
0.0170416	0.000166909
0.0172085	0.000180256
0.0173888	0.000170607
0.0175594	0.000167839
0.0177272	0.000180207
0.0179074	0.000171777
0.0180792	0.000168578
0.0182478	0.000180105
0.0184279	0.000173213
0.0186011	0.000169352
0.0187704	0.000179953
0.0189504	0.000174265
0.0191246	0.000169962
0.0192946	0.000179756
0.0194744	0.0001754
0.0196498	0.000170541
0.0198203	0.000179513
0.0199998	0.000176256
0.0201761	0.000170984
0.0203471	0.000179234
0.0205263	0.000177177
0.0207035	0.000171389
0.0208749	0.00017892
0.0210538	0.000177865
0.0212316	0.00017168
0.0214033	0.000178587
0.0215819	0.000178597
0.0217605	0.000171932
0.0219324	0.000178234
0.0221107	0.000179125
0.0222898	0.000172088
0.0224619	0.000177878
0.0226398	0.000179681
0.0228194	0.000172209
0.0229917	0.000177514
0.0231692	0.000180058
0.0233492	0.000172251
0.0235215	0.000177162
0.0236986	0.000180453
0.0238791	0.000172262
0.0240514	0.000176813
0.0242282	0.00018087
0.024409	0.000172236
0.0245813	0.000176462
0.0247577	0.000183936
0.0249417	0.000172503
0.0251142	0.000175742
0.0252899	0.000185485
0.0254754	0.000172336
0.0256477	0.000175081
0.0258228	0.000188411
0.0260112	0.00017225
0.0261835	0.000174147
0.0263576	0.000188474
0.0265461	0.000173041
0.0267191	0.000173909
0.0268931	0.000187148
0.0270802	0.000174388
0.0272546	0.000174057
0.0274286	0.000185973
0.0276146	0.000175168
0.0277898	0.000174038
0.0279638	0.000184903
0.0281487	0.000176226
0.028325	0.000174086
0.028499	0.000183895
0.0286829	0.000176863
0.0288598	0.000174021
0.0290338	0.000182972
0.0292168	0.000177718
0.0293945	0.000173999
0.0295685	0.000182096
0.0297506	0.000178195
0.0299288	0.00017388
0.0301027	0.000181299
0.030284	0.000178867
0.0304628	0.000173792
0.0306366	0.00018054
0.0308172	0.000179196
0.0309964	0.000173621
0.03117	0.000179858
0.0313499	0.000179695
0.0315295	0.000173472
0.031703	0.000179207
0.0318822	0.000181866
0.0320641	0.0001735
0.0322376	0.000178352
0.0324159	0.000183988
0.0325999	0.00017336
0.0327733	0.000177426
0.0329507	0.000186434
0.0331371	0.000173137
0.0333103	0.000176381
0.0334867	0.000189003
0.0336757	0.000172765
0.0338484	0.000175234
0.0340237	0.000189413
0.0342131	0.000173576
0.0343867	0.000174773
0.0345614	0.000187886
0.0347493	0.000174736
0.0349241	0.000174774
0.0350988	0.000186573
0.0352854	0.000175662
0.0354611	0.000174699
0.0356358	0.00018538
0.0358211	0.000176496
0.0359976	0.000174608
0.0361722	0.000184286
0.0363565	0.000177248
0.0365338	0.000174497
0.0367083	0.000183277
0.0368916	0.000177888
0.0370694	0.000174357
0.0372438	0.000182349
0.0374261	0.000178456
0.0376046	0.000174196
0.0377788	0.000181491
0.0379603	0.000178927
0.0381392	0.000174009
0.0383132	0.000180702
0.0384939	0.000179331
0.0386733	0.000173802
0.0388471	0.000179976
0.039027	0.000181184
0.0392082	0.000173761
0.039382	0.000179093
0.0395611	0.000183478
0.0397446	0.000173634
0.0399182	0.000178092
0.0400963	0.000185739
0.040282	0.00017337
0.0404554	0.000177024
0.0406324	0.000188354
0.0408208	0.000173005
0.0409938	0.000175831
0.0411696	0.000190118
0.0413597	0.000173014
0.0415327	0.000174865
0.0417076	0.000188463
0.0418961	0.000174662
0.0420707	0.000174977
0.0422457	0.000187055
0.0424328	0.00017525
0.042608	0.000174787
0.0427828	0.000185812
0.0429686	0.000176415
0.043145	0.000174752
0.0433198	0.000184647
0.0435044	0.000176873
0.0436813	0.000174551
0.0438558	0.000183608
0.0440395	0.000177817
0.0442173	0.00017446
0.0443917	0.000182615
0.0445743	0.000178112
0.0447525	0.000174226
0.0449267	0.000181741
0.0451084	0.00017886
0.0452873	0.00017408
0.0454614	0.000180893
0.0456423	0.000179022
0.0458213	0.000173816
0.0459951	0.00018016
0.0461753	0.000180621
0.0463559	0.000173748
0.0465296	0.000179293
0.0467089	0.00018302
0.0468919	0.000173652
0.0470656	0.000178274
0.0472439	0.000185127
0.047429	0.000173378
0.0476024	0.000177222
0.0477796	0.000187751
0.0479673	0.000173042
0.0481404	0.00017603
0.0483164	0.000190393
0.0485068	0.000172537
0.0486793	0.000174758
0.0488541	0.000188672
0.0490428	0.000174498
0.0492173	0.000174952
0.0493922	0.000187219
0.0495794	0.000174879
0.0497543	0.000174699
0.049929	0.000185955
0.050115	0.000176257
0.0502912	0.000174711
0.0504659	0.000184755
0.0506507	0.000176539
0.0508272	0.000174462
0.0510017	0.000183703
0.0511854	0.000177683
0.0513631	0.000174415
0.0515375	0.000182679
0.0517202	0.000177818
0.051898	0.000174143
0.0520721	0.000181798
0.0522539	0.00017875
0.0524327	0.000174034
0.0526067	0.000180918
0.0527876	0.000178771
0.0529664	0.000173742
0.0531402	0.000180182
0.0533203	0.00017975
0.0535001	0.000173608
0.0536737	0.000179395
0.0538531	0.000182481
0.0540356	0.000173607
0.0542092	0.000178358
0.0543875	0.000184249
0.0545718	0.000173313
0.0547451	0.000177369
0.0549225	0.000186978
0.0551094	0.000173047
0.0552825	0.000176189
0.0554587	0.0001894
0.0556481	0.000172562
0.0558206	0.000174974
0.0559956	0.000188958
0.0561846	0.000173877
0.0563585	0.000174757
0.0565332	0.000187438
0.0567206	0.00017463
0.0568953	0.000174612
0.0570699	0.000186129
0.057256	0.000175792
0.0574318	0.00017457
0.0576064	0.000184914
0.0577913	0.000176323
0.0579676	0.000174381
0.058142	0.000183827
0.0583258	0.000177284
0.0585031	0.000174296
0.0586774	0.000182796
0.0588602	0.000177652
0.0590379	0.000174077
0.0592119	0.000181879
0.0593938	0.000178418
0.0595722	0.000173941
0.0597462	0.000180998
0.0599272	0.00017865
0.0601058	0.000173692
0.0602795	0.000180225
0.0604597	0.000179238
0.060639	0.000173508
0.0608125	0.000179475
0.060992	0.000181319
0.0611733	0.000173472
0.0613467	0.000178547
0.0615253	0.000183401
0.0617087	0.000173293
0.061882	0.000177556
0.0620595	0.000185754
0.0622453	0.000173034
0.0624183	0.000176467
0.0625948	0.000188249
0.062783	0.000172645
0.0629557	0.000175284
0.063131	0.000189425
0.0633204	0.000172985
0.0634934	0.000174516
0.0636679	0.000187817
0.0638557	0.000174384
0.0640301	0.000174558
0.0642047	0.000186444
0.0643911	0.000175121
0.0645662	0.000174408
0.0647406	0.000185215
0.0649259	0.000176115
0.065102	0.000174334
0.0652763	0.000184075
0.0654604	0.000176711
0.0656371	0.000174169
0.0658113	0.000183041
0.0659943	0.000177507
0.0661718	0.00017405
0.0663459	0.000182071
0.0665279	0.00017794
0.0667059	0.00017385
0.0668797	0.000181195
0.0670609	0.000178561
0.0672395	0.000173686
0.0674132	0.000180367
0.0675935	0.000178855
0.0677724	0.000173453
0.0679458	0.000179627
0.0681255	0.000179716
0.0683052	0.000173298
0.0684785	0.000178869
0.0686573	0.000182485
0.0688398	0.000173315
0.0690131	0.000177846
0.069191	0.000184184
0.0693752	0.000173021
0.0695482	0.000176884
0.0697251	0.00018692
0.069912	0.000172771
0.0700848	0.000175723
0.0702605	0.000189293
0.0704498	0.000172296
0.0706221	0.000174536
0.0707966	0.000188443
0.0709851	0.000173835
0.0711589	0.000174471
0.0713334	0.00018697
0.0715203	0.000174443
0.0716948	0.000174295
0.0718691	0.000185696
0.0720548	0.000175698
0.0722305	0.000174288
0.0724048	0.000184502
0.0725893	0.000176137
0.0727654	0.000174087
0.0729395	0.000183439
0.0731229	0.000177183
0.0733001	0.000174032
0.0734741	0.000182422
0.0736566	0.000177475
0.073834	0.000173806
0.0740078	0.000181525
0.0741894	0.000178323
0.0743677	0.000173697
0.0745414	0.000180651
0.074722	0.000178493
0.0749005	0.000173446
0.075074	0.000179894
0.0752539	0.000179157
0.075433	0.000173286
0.0756063	0.000179147
0.0757855	0.000180624
0.0759661	0.000173187
0.0761393	0.000178317
0.0763176	0.000183039
0.0765006	0.000173106
0.0766737	0.000177322
0.0768511	0.000185059
0.0770361	0.000172834
0.0772089	0.000176309
0.0773853	0.000187672
0.0775729	0.000172518
0.0777454	0.000175149
0.0779206	0.000189342
0.0781099	0.000172502
0.0782824	0.000174215
0.0784567	0.000187724
0.0786444	0.000174158
0.0788185	0.000174338
0.0789929	0.000186343
0.0791792	0.000174713
0.0793539	0.000174148
0.0795281	0.000185121
0.0797132	0.000175906
0.0798891	0.000174133
0.0800632	0.000183973
0.0802472	0.000176351
0.0804236	0.00017394
0.0805975	0.000182946
0.0807804	0.000177332
0.0809578	0.000173875
0.0811317	0.000181964
0.0813136	0.000177632
0.0814912	0.000173655
0.0816649	0.000181096
0.081846	0.000178424
0.0820244	0.000173537
0.082198	0.000180253
0.0823782	0.000178604
0.0825568	0.000173292
0.0827301	0.00017952
0.0829096	0.000179219
0.0830888	0.000173125
0.083262	0.000178799
0.0834408	0.000181399
0.0836222	0.000173113
0.0837953	0.000177886
0.0839732	0.000183369
0.0841565	0.000172928
0.0843295	0.000176934
0.0845064	0.000185756
0.0846922	0.000172693
0.0848648	0.000175867
0.0850407	0.000188185
0.0852289	0.000172313
0.0854012	0.000174722
0.0855759	0.000188764
0.0857647	0.000172989
0.0859377	0.000174177
0.0861119	0.000187224
0.0862991	0.00017417
0.0864733	0.00017417
0.0866474	0.000185901
0.0868333	0.000175048
0.0870084	0.000174072
0.0871825	0.000184701
0.0873672	0.000175901
0.0875431	0.000173979
0.087717	0.000183597
0.0879006	0.000176625
0.0880773	0.000173857
0.0882511	0.000182581
0.0884337	0.0001773
0.088611	0.000173724
0.0887847	0.000181641
0.0889664	0.000177857
0.0891442	0.000173564
0.0893178	0.000180775
0.0894986	0.000178374
0.0896769	0.000173392
0.0898503	0.000179972
0.0900303	0.000178784
0.0902091	0.000173194
0.0903823	0.000179236
0.0905615	0.000179156
0.0907407	0.000172985
0.0909136	0.000178555
0.0910922	0.000181988
0.0912742	0.000173063
0.0914473	0.000177568
0.0916248	0.000183538
0.0918084	0.000172786
0.0919811	0.000176661
0.0921578	0.000186258
0.0923441	0.00017259
0.0925167	0.000175547
0.0926922	0.000188499
0.0928807	0.000172158
0.0930529	0.000174422
0.0932273	0.000188363
0.0934156	0.000173323
0.093589	0.000174144
0.0937631	0.000186874
0.09395	0.000174153
0.0941241	0.000174043
0.0942982	0.000185592
0.0944838	0.00017528
0.094659	0.000174013
0.0948331	0.000184405
0.0950175	0.000175876
0.0951933	0.00017386
0.0953672	0.000183334
0.0955505	0.000176816
0.0957274	0.000173793
0.0959011	0.000182324
0.0960835	0.000177258
0.0962607	0.00017361
0.0964343	0.000181414
0.0966158	0.000178013
0.0967938	0.000173495
0.0969673	0.000180547
0.0971478	0.000178323
0.0973261	0.000173283
0.0974994	0.000179775
0.0976792	0.000178909
0.0978581	0.000173121
0.0980312	0.000179033
0.0982103	0.00017923
0.0983895	0.000172898
0.0985624	0.000178365
0.0987407	0.000182284
0.098923	0.000173002
0.099096	0.000177351
0.0992734	0.000183698
0.0994571	0.000172692
0.0996298	0.00017646
0.0998062	0.000186537
0.0999928	0.000172505
0.100165	0.000175328
0.100341	0.000188725
0.100529	0.000172051
0.100701	0.000174208
0.100876	0.000188088
0.101064	0.000173522
0.101237	0.000174108
0.101411	0.000186635
0.101598	0.000174147
0.101772	0.000173952
0.101946	0.000185379
0.102131	0.000175411
0.102307	0.000173961
0.102481	0.000184202
0.102665	0.000175862
0.102841	0.000173776
0.103015	0.000183152
0.103198	0.000176922
0.103375	0.000173739
0.103548	0.000182146
0.103731	0.000177233
0.103908	0.000173529
0.104081	0.000181256
0.104263	0.000178098
0.104441	0.00017344
0.104614	0.00018039
0.104795	0.000178292
0.104973	0.000173205
0.105146	0.000179636
0.105326	0.000178975
0.105505	0.000173064
0.105678	0.000178893
0.105857	0.000179375
0.106036	0.000172847
0.106209	0.000178217
0.106387	0.000182381
0.106569	0.000172939
0.106742	0.00017721
0.10692	0.000183836
0.107103	0.000172632
0.107276	0.000176314
0.107452	0.000186659
0.107639	0.000172437
0.107811	0.000175185
0.107987	0.000188874
0.108176	0.000171981
0.108347	0.00017406
0.108522	0.000187905
0.108709	0.000173622
0.108883	0.000174071
0.109057	0.000186476
0.109244	0.000174147
0.109418	0.000173887
0.109592	0.000185236
0.109777	0.000175469
0.109952	0.000173915
0.110126	0.000184068
0.11031	0.000175856
0.110486	0.000173716
0.11066	0.000183029
0.110843	0.000176966
0.11102	0.000173693
0.111194	0.000182028
0.111376	0.00017722
0.111553	0.000173472
0.111726	0.000181148
0.111907	0.000178131
0.112086	0.000173394
0.112259	0.000180285
0.112439	0.000178275
0.112618	0.000173151
0.112791	0.000179541
0.11297	0.000179
0.113149	0.000173019
0.113322	0.000178798
0.113501	0.000179428
0.11368	0.000172805
0.113853	0.000178122
0.114031	0.000182413
0.114214	0.000172892
0.114387	0.000177119
0.114564	0.000183882
0.114748	0.000172588
0.11492	0.000176224
0.115097	0.000186696
0.115283	0.000172391
0.115456	0.000175097
0.115631	0.000188919
0.11582	0.000171936
0.115992	0.000173974
0.116166	0.000187801
0.116353	0.000173653
0.116527	0.000174035
0.116701	0.000186384
0.116887	0.000174132
0.117062	0.00017384
0.117235	0.000185152
0.117421	0.000175481
0.117596	0.000173876
0.11777	0.000183989
0.117954	0.00017584
0.11813	0.000173671
0.118303	0.000182956
0.118486	0.000176972
0.118663	0.000173656
0.118837	0.000181958
0.119019	0.000177202
0.119196	0.00017343
0.11937	0.000181083
0.119551	0.000178134
0.119729	0.000173358
0.119902	0.000180222
0.120082	0.000178257
0.120261	0.000173112
0.120434	0.000179482
0.120613	0.000179001
0.120792	0.000172986
0.120965	0.00017874
0.121144	0.00017939
0.121323	0.000172767
0.121496	0.000178071
0.121674	0.000182393
0.121857	0.000172861
0.122029	0.000177069
0.122207	0.000183841
0.12239	0.000172556
0.122563	0.00017618
0.122739	0.000186661
0.122926	0.000172364
0.123098	0.000175057
0.123273	0.000188869
0.123462	0.000171911
0.123634	0.000173939
0.123808	0.000187763
0.123996	0.000173624
0.124169	0.000173999
0.124343	0.000186348
0.12453	0.000174104
0.124704	0.000173805
0.124878	0.000185118
0.125063	0.000175453
0.125238	0.000173843
0.125412	0.000183956
0.125596	0.000175813
0.125772	0.00017364
0.125945	0.000182925
0.126128	0.000176946
0.126305	0.000173626
0.126479	0.000181928
0.126661	0.000177178
0.126838	0.000173402
0.127011	0.000181054
0.127192	0.000178111
0.127371	0.000173332
0.127544	0.000180194
0.127724	0.000178236
0.127902	0.000173087
0.128075	0.000179454
0.128255	0.000178982
0.128434	0.000172962
0.128607	0.000178713
0.128785	0.000179269
0.128965	0.000172732
0.129137	0.000178058
0.129316	0.000182328
0.129498	0.000172842
0.129671	0.000177056
0.129848	0.000183722
0.130031	0.000172534
0.130204	0.000176177
0.13038	0.000186561
0.130567	0.000172353
0.130739	0.000175057
0.130914	0.000188733
0.131103	0.000171903
0.131275	0.00017395
0.131449	0.000187783
0.131637	0.000173541
0.13181	0.000173962
0.131984	0.000186362
0.13217	0.000174063
0.132344	0.000173782
0.132518	0.000185129
0.132703	0.00017539
0.132879	0.000173815
0.133053	0.000183966
0.133237	0.000175776
0.133412	0.000173619
0.133586	0.000182932
0.133769	0.000176891
0.133946	0.000173601
0.134119	0.000181935
0.134301	0.000177147
0.134478	0.000173384
0.134652	0.000181058
0.134833	0.000178064
0.135011	0.000173312
0.135184	0.000180197
0.135364	0.000178213
0.135543	0.000173073
0.135716	0.000179454
0.135895	0.000178944
0.136074	0.000172947
0.136247	0.000178713
0.136426	0.000179072
0.136605	0.000172698
0.136778	0.000178079
0.136956	0.000182219
0.137138	0.000172834
0.137311	0.000177074
0.137488	0.00018353
0.137671	0.000172519
0.137844	0.000176211
0.13802	0.0001864
0.138206	0.000172356
0.138379	0.000175094
0.138554	0.000188518
0.138742	0.000171911
0.138914	0.000174001
0.139088	0.000187857
0.139276	0.000173408
0.13945	0.000173924
0.139624	0.000186421
0.13981	0.000174008
0.139984	0.000173767
0.140158	0.000185179
0.140343	0.000175292
0.140518	0.00017379
0.140692	0.000184013
0.140876	0.000175728
0.141052	0.000173606
0.141225	0.000182972
0.141408	0.000176808
0.141585	0.000173582
0.141759	0.000181974
0.141941	0.00017711
0.142118	0.000173376
0.142291	0.00018109
0.142472	0.000177995
0.14265	0.000173298
0.142824	0.000180229
0.143004	0.000178185
0.143182	0.000173069
0.143355	0.000179479
0.143534	0.000178889
0.143713	0.000172939
0.143886	0.000178739
0.144065	0.000178977
0.144244	0.000172687
0.144417	0.000178108
0.144595	0.00018197
0.144777	0.000172812
0.14495	0.000177128
0.145127	0.000183361
0.14531	0.000172524
0.145483	0.000176262
0.145659	0.000186142
0.145845	0.00017236
0.146017	0.000175165
0.146193	0.000188284
0.146381	0.000171935
0.146553	0.000174078
0.146727	0.00018797
0.146915	0.000173221
0.147088	0.000173882
0.147262	0.000186516
0.147448	0.000173961
0.147622	0.000173765
0.147796	0.00018526
0.147981	0.000175152
0.148157	0.000173763
0.14833	0.000184091
0.148514	0.000175688
0.14869	0.000173605
0.148864	0.000183039
0.149047	0.000176688
0.149223	0.000173563
0.149397	0.00018204
0.149579	0.000177082
0.149756	0.000173378
0.14993	0.000181145
0.150111	0.000177895
0.150289	0.000173286
0.150462	0.000180285
0.150642	0.000178167
0.15082	0.000173075
0.150993	0.000179523
0.151173	0.000178809
0.151352	0.000172934
0.151525	0.000178784
0.151703	0.000178969
0.151882	0.000172697
0.152055	0.000178142
0.152233	0.000181609
0.152415	0.000172779
0.152588	0.000177209
0.152765	0.000183213
0.152948	0.000172543
0.153121	0.000176327
0.153297	0.000185809
0.153483	0.000172363
0.153655	0.000175263
0.15383	0.000188039
0.154018	0.000171972
0.15419	0.000174173
0.154365	0.000188115
0.154553	0.000172993
0.154726	0.000173836
0.154899	0.000186638
0.155086	0.000173921
0.15526	0.000173773
0.155434	0.000185365
0.155619	0.000174979
0.155794	0.000173736
0.155968	0.000184193
0.156152	0.000175654
0.156328	0.000173613
0.156501	0.000183126
0.156684	0.00017654
0.156861	0.000173544
0.157035	0.000182126
0.157217	0.000177061
0.157394	0.000173389
0.157567	0.000181217
0.157748	0.000177772
0.157926	0.000173276
0.158099	0.000180358
0.15828	0.000178157
0.158458	0.000173089
0.158631	0.000179582
0.158811	0.000178708
0.158989	0.000172931
0.159162	0.000178847
0.159341	0.000178969
0.15952	0.000172714
0.159693	0.000178189
0.159871	0.000181198
0.160052	0.000172745
0.160225	0.000177308
0.160402	0.000183052
0.160585	0.000172569
0.160758	0.000176407
0.160934	0.000185435
0.16112	0.00017237
0.161292	0.000175379
0.161467	0.000187767
0.161655	0.000172017
0.161827	0.000174286
0.162001	0.000188288
0.16219	0.000172736
0.162362	0.000173789
0.162536	0.000186785
0.162723	0.000173878
0.162897	0.000173786
0.163071	0.000185492
0.163256	0.000174785
0.163431	0.00017371
0.163605	0.000184314
0.163789	0.000175618
0.163965	0.000173626
0.164138	0.000183231
0.164322	0.000176375
0.164498	0.000173526
0.164671	0.000182231
0.164854	0.000177039
0.165031	0.000173405
0.165204	0.000181305
0.165385	0.000177633
0.165563	0.000173267
0.165736	0.000180448
0.165917	0.000178147
0.166095	0.000173108
0.166268	0.000179655
0.166448	0.000178596
0.166626	0.000172932
0.166799	0.000178922
0.166978	0.00017897
0.167157	0.000172736
0.16733	0.000178248
0.167508	0.000180748
0.167689	0.00017271
0.167862	0.000177424
0.168039	0.000182877
0.168222	0.000172601
0.168394	0.000176501
0.168571	0.000185026
0.168756	0.000172379
0.168928	0.000175512
0.169104	0.000187472
0.169291	0.000172068
0.169463	0.000174416
0.169638	0.000188486
0.169826	0.000172454
0.169999	0.000173741
0.170172	0.000186953
0.170359	0.00017383
0.170533	0.000173805
0.170707	0.000185638
0.170893	0.000174574
0.171067	0.000173685
0.171241	0.000184454
0.171425	0.000175578
0.171601	0.000173644
0.171775	0.000183353
0.171958	0.000176196
0.172134	0.00017351
0.172308	0.00018235
0.17249	0.000177014
0.172667	0.000173426
0.17284	0.000181407
0.173022	0.000177483
0.173199	0.00017326
0.173373	0.00018055
0.173553	0.000178135
0.173731	0.000173132
0.173904	0.00017974
0.174084	0.000178473
0.174263	0.000172934
0.174436	0.00017901
0.174615	0.00017897
0.174794	0.000172763
0.174966	0.000178317
0.175145	0.000180265
0.175325	0.000172673
0.175498	0.000177552
0.175675	0.000182688
0.175858	0.000172636
0.17603	0.000176607
0.176207	0.000184589
0.176392	0.000172389
0.176564	0.000175659
0.17674	0.000187156
0.176927	0.000172122
0.177099	0.000174558
0.177274	0.000188707
0.177462	0.000172152
0.177634	0.000173693
0.177808	0.00018714
0.177995	0.000173777
0.178169	0.000173828
0.178343	0.000185801
0.178529	0.000174349
0.178703	0.000173661
0.178877	0.00018461
0.179061	0.000175533
0.179237	0.000173665
0.17941	0.00018349
0.179594	0.000176005
0.17977	0.000173496
0.179943	0.000182483
0.180126	0.000176986
0.180303	0.00017345
0.180476	0.000181522
0.180658	0.000177323
0.180835	0.000173255
0.181008	0.000180665
0.181189	0.000178121
0.181367	0.00017316
0.18154	0.000179835
0.18172	0.000178343
0.181899	0.000172939
0.182072	0.000179108
0.182251	0.000178969
0.18243	0.000172794
0.182602	0.000178395
0.182781	0.000179754
0.182961	0.000172635
0.183133	0.000177692
0.183311	0.000182487
0.183493	0.000172674
0.183666	0.000176724
0.183843	0.000184127
0.184027	0.0001724
0.184199	0.000175817
0.184375	0.000186822
0.184562	0.000172179
0.184734	0.000174713
0.184909	0.00018895
0.185098	0.000171832
0.18527	0.000173645
0.185443	0.000187345
0.185631	0.000173718
0.185804	0.000173854
0.185978	0.00018598
0.186164	0.000174111
0.186338	0.000173638
0.186512	0.00018478
0.186697	0.000175482
0.186872	0.000173689
0.187046	0.000183639
0.187229	0.000175803
0.187405	0.000173482
0.187579	0.000182629
0.187761	0.000176953
0.187938	0.000173477
0.188112	0.000181648
0.188293	0.000177153
0.188471	0.000173252
0.188644	0.00018079
0.188825	0.000178104
0.189003	0.00017319
0.189176	0.000179941
0.189356	0.000178204
0.189534	0.000172945
0.189707	0.000179215
0.189886	0.000178966
0.190065	0.000172828
0.190238	0.000178483
0.190417	0.000179217
0.190596	0.000172596
0.190768	0.000177841
0.190946	0.000182274
0.191128	0.000172714
0.191301	0.00017685
0.191478	0.000183644
0.191662	0.00017241
0.191834	0.000175985
0.19201	0.000186472
0.192197	0.000172238
0.192369	0.000174878
0.192544	0.000188621
0.192732	0.000171797
0.192904	0.000173786
0.193078	0.000187596
0.193265	0.000173473
0.193439	0.00017383
0.193613	0.000186191
0.193799	0.000173969
0.193973	0.000173646
0.194147	0.000184969
0.194332	0.00017531
0.194507	0.000173688
0.194681	0.000183815
0.194864	0.000175684
0.19504	0.000173493
0.195214	0.000182788
0.195396	0.000176812
0.195573	0.000173484
0.195747	0.000181797
0.195928	0.000177061
0.196105	0.000173269
0.196279	0.000180925
0.19646	0.000177991
0.196638	0.000173205
0.196811	0.000180069
0.196991	0.000178136
0.197169	0.000172969
0.197342	0.000179329
0.197521	0.000178881
0.1977	0.000172851
0.197873	0.000178591
0.198052	0.000178931
0.198231	0.000172595
0.198403	0.000177969
0.198581	0.000181858
0.198763	0.000172719
0.198936	0.000177005
0.199113	0.000183269
0.199296	0.000172442
0.199468	0.000176146
0.199645	0.000186009
0.199831	0.000172282
0.200003	0.000175065
0.200178	0.000188149
0.200366	0.000171871
0.200538	0.000173987
0.200712	0.000187876
0.2009	0.000173122
0.201073	0.00017378
0.201247	0.000186427
0.201433	0.000173886
0.201607	0.000173674
0.201781	0.000185175
0.201966	0.000175058
0.202141	0.00017367
0.202315	0.000184011
0.202499	0.000175615
0.202674	0.00017352
0.202848	0.000182961
0.203031	0.0001766
0.203207	0.000173478
0.203381	0.000181966
0.203563	0.000177015
0.20374	0.000173301
0.203913	0.000181071
0.204094	0.000177817
0.204272	0.00017321
0.204445	0.000180214
0.204625	0.000178109
0.204804	0.000173006
0.204977	0.000179452
0.205156	0.000178741
0.205335	0.000172867
0.205508	0.000178715
0.205686	0.000178922
0.205865	0.000172636
0.206038	0.00017807
0.206216	0.000181237
0.206397	0.000172684
0.20657	0.000177185
0.206747	0.000183022
0.20693	0.000172498
0.207103	0.000176296
0.207279	0.000185443
0.207464	0.000172309
0.207637	0.000175268
0.207812	0.000187737
0.208	0.000171953
0.208172	0.000174185
0.208346	0.000188167
0.208534	0.000172733
0.208707	0.000173724
0.20888	0.000186675
0.209067	0.000173829
0.209241	0.000173711
0.209415	0.000185391
0.2096	0.000174768
0.209775	0.000173646
0.209948	0.000184219
0.210133	0.000175569
0.210308	0.000173556
0.210482	0.000183142
0.210665	0.000176355
0.210841	0.000173466
0.211015	0.000182144
0.211197	0.00017699
0.211374	0.00017334
0.211547	0.000181224
0.211728	0.000177612
0.211906	0.00017321
0.212079	0.000180368
0.21226	0.000178102
0.212438	0.000173048
0.212611	0.00017958
0.21279	0.000178576
0.212969	0.000172879
0.213142	0.000178847
0.213321	0.00017893
0.2135	0.000172682
0.213672	0.000178176
0.21385	0.000180588
0.214031	0.000172645
0.214204	0.000177372
0.214381	0.000182776
0.214564	0.000172555
0.214736	0.000176451
0.214913	0.000184859
0.215098	0.000172332
0.21527	0.000175478
0.215445	0.000187321
0.215633	0.000172036
0.215805	0.000174388
0.215979	0.000188473
0.216168	0.000172332
0.21634	0.000173668
0.216514	0.000186936
0.216701	0.000173768
0.216874	0.000173751
0.217048	0.000185619
0.217234	0.00017447
0.217408	0.000173622
0.217582	0.000184436
0.217766	0.000175518
0.217942	0.000173594
0.218115	0.000183333
0.218299	0.000176103
0.218475	0.000173454
0.218648	0.000182331
0.218831	0.000176962
0.219008	0.000173381
0.219181	0.000181385
0.219362	0.000177401
0.21954	0.000173211
0.219713	0.000180529
0.219894	0.000178091
0.220072	0.000173093
0.220245	0.000179715
0.220424	0.000178404
0.220603	0.000172892
0.220776	0.000178986
0.220955	0.000178935
0.221134	0.00017273
0.221306	0.000178289
0.221485	0.000179927
0.221665	0.000172603
0.221837	0.000177564
0.222015	0.000182522
0.222197	0.000172613
0.22237	0.000176612
0.222546	0.000184264
0.222731	0.000172353
0.222903	0.000175693
0.223079	0.000186896
0.223266	0.000172118
0.223438	0.000174597
0.223612	0.000188794
0.223801	0.000171921
0.223973	0.000173613
0.224147	0.000187208
0.224334	0.0001737
0.224508	0.000173793
0.224681	0.000185857
0.224867	0.000174166
0.225041	0.000173599
0.225215	0.000184663
0.2254	0.000175461
0.225575	0.000173632
0.225749	0.000183533
0.225932	0.000175845
0.226108	0.000173442
0.226282	0.000182526
0.226464	0.000176927
0.226641	0.000173423
0.226815	0.000181554
0.226996	0.000177185
0.227173	0.000173212
0.227346	0.000180698
0.227527	0.000178075
0.227705	0.000173138
0.227878	0.000179858
0.228058	0.000178229
0.228236	0.000172905
0.228409	0.000179131
0.228589	0.000178937
0.228767	0.000172779
0.22894	0.000178407
0.229119	0.000179255
0.229298	0.00017256
0.22947	0.000177761
0.229648	0.000182261
0.22983	0.000172669
0.230003	0.000176778
0.23018	0.000183661
0.230364	0.000172372
0.230536	0.000175912
0.230712	0.000186462
0.230898	0.000172197
0.231071	0.000174811
0.231245	0.000188625
0.231434	0.00017176
0.231606	0.000173719
0.231779	0.000187519
0.231967	0.000173469
0.23214	0.00017379
0.232314	0.000186122
0.2325	0.000173949
0.232674	0.000173602
0.232848	0.000184905
0.233033	0.000175296
0.233208	0.000173647
0.233382	0.000183755
0.233565	0.000175662
0.233741	0.000173452
0.233915	0.000182731
0.234097	0.000176796
0.234274	0.000173446
0.234448	0.000181743
0.234629	0.000177039
0.234806	0.000173231
0.23498	0.000180873
0.23516	0.000177975
0.235338	0.000173169
0.235512	0.000180018
0.235692	0.000178115
0.23587	0.000172933
0.236043	0.000179281
0.236222	0.000178866
0.236401	0.000172818
0.236574	0.000178543
0.236752	0.000178912
0.236931	0.000172562
0.237104	0.000177923
0.237282	0.000181765
0.237463	0.00017268
0.237636	0.000176972
0.237813	0.000183214
0.237996	0.000172415
0.238169	0.000176113
0.238345	0.000185912
0.238531	0.000172254
0.238703	0.000175042
0.238878	0.000188063
0.239066	0.000171851
0.239238	0.000173967
0.239412	0.000187862
0.2396	0.000173053
0.239773	0.000173736
0.239946	0.000186411
0.240133	0.000173851
0.240307	0.00017364
0.24048	0.000185159
0.240666	0.000174997
0.240841	0.000173631
0.241014	0.000183996
0.241198	0.000175582
0.241374	0.000173489
0.241547	0.000182944
0.24173	0.000176545
0.241907	0.000173443
0.24208	0.00018195
0.242262	0.000176986
0.242439	0.000173273
0.242612	0.000181054
0.242793	0.000177768
0.242971	0.000173179
0.243144	0.000180197
0.243325	0.000178085
0.243503	0.000172981
0.243676	0.000179433
0.243855	0.000178701
0.244034	0.00017284
0.244207	0.000178697
0.244385	0.000178902
0.244564	0.000172615
0.244737	0.000178049
0.244915	0.000181036
0.245096	0.000172642
0.245269	0.00017719
0.245446	0.000182924
0.245629	0.000172483
0.245801	0.000176295
0.245977	0.000185249
0.246163	0.000172288
0.246335	0.000175286
0.24651	0.000187582
0.246698	0.000171951
0.24687	0.000174205
0.247044	0.000188211
0.247232	0.000172597
0.247405	0.000173674
0.247578	0.00018671
0.247765	0.000173785
0.247939	0.000173689
0.248113	0.000185419
0.248298	0.000174659
0.248473	0.000173607
0.248646	0.000184246
0.248831	0.000175528
0.249006	0.000173535
0.24918	0.000183163
0.249363	0.000176259
0.249539	0.000173432
0.249713	0.000182165
0.249895	0.000176957
